96: -0 -1 -2 -3 -4 -5 -6 -7 -8 -9 -10 -11 -12 -13 -14 -15 -16 -17 -18 -19 -20 -21 -22 -23 -24 -25 -26 -27 -28 -29 -30 -31 -32 -33 -34 -35 -36 -37 -38 -39 -40 -41 -42 -43 -44 -45 -46 -47 -48 -49 -50 -51 -52 -53 -54 -55 -56 -57 -58 -59 -60 -61 -62 -63 -64 -65 -66 -67 -68 -69 -70 -71 -72 -73 -74 -75 -76 -77 -78 -79 -80 -81 -82 -83 -84 -85 -86 -87 -88 -89 -90 -91 -92 -93 -94 -95 -96 -97 -98 -99 -100 -101 -102 -103 -104 -105 -106 -107 -108 -109 -110 -111 -112 -113 -114 -115 -116 -117 -118 -119 -120 -121 -122 -123 -124 -125 -126 -127 -128 -129 -130 -131 -132 -133 -134 -135 -136 -137 -138 -139 -140 -141 -142 -143 -144 -145 -146 -147 -148 -149 -150 -151 -152 -153 -154 -155 -156 -157 -158 -159 -160 -161 -162 -163 -164 -165 -166 -167 -168 -169 -170 -171 -172 -173 -174 -175 -176 -177 -178 -179 -180 -181 -182 -183 -184 -185 -186 -187 -188 -189 -190 -191 -192 -193 -194 -195 -196 -197 -198 -199 -200 -201 -202 -203 -204 -205 -206 -207 -208 -209 -210 -211 -212 -213 -214 -215 -216 -217 -218 -219 -220 -221 -222 -223 -224 -225 -226 -227 -228 -229 -230 -231 -232 -233 -234 -235 -236 -237 -238 -239 -240 -241 -242 -243 -244 -245 -246 -247 -248 -249 -250 -251 -252 -253 -254 -255 -256 -257 -258 -259 -260 -261 -262 -263 -264 -265 -266 -267 -268 -269 -270 -271 -272 -273 -274 -275 -276 -277 -278 -279 -280 -281 -282 -283 -284 -285 -286 -287 -288 -289 -290 -291
100: 0/1/5/6/9/11/19/29/129/171-0/9/19/29/129 2/92-2/92 3/15-3/15
196: 35-35/292 75/141-75 77/282-77 101/107-101 0/2/3/7/9/12/15/16/17/18/19/23/24/29/39/48/62/80/82/86/92/95/100/109/121/125/129/140/143/144/146/154/168/178/203/231/234/247-0/2/3/7/9/12/231/15/293/16/17/294/295/19/23/24/29/296/39/86/297/62/80/100/129/178/234 4/172-4/172 8/286-8/286 40/59-40/59 63/241-63/241 90/189-90/189 133/180-133/180
200: 0/86-0/86 12/23-12/23
296: 33-33/298 14/184-14 56/188-56 153/235-153 0/2/3/4/7/9/15/17/19/35/36/39/40/47/53/59/62/98/150/172/173/174/178/181/182/194/231/234/240/248/280/287/293/295/296-0/2/3/4/19/9/293/296/40/39/53/59/62/299/98/150/300/173/178/240/301/234/231/302 8/103/286-8/286 63/241-63/241 70/162-70/162 90/189-90/189 133/180-133/180
300: 0/19/231/293/294/302-0/19/293/294/231
396: 63/241-63 70/162-70 94/130-94 0/2/3/4/9/16/19/24/29/39/46/53/62/80/86/98/150/173/176/178/216/220/229/231/234/238/240/258/261/292/293/294/299/300/301-0/4/3/19/16/303/220/304/24/29/39/46/53/62/80/293/150/173/178/305/238/261 8/286-8/286 10/64/128-10/128 12/23-12/23 106/226-106/226 133/180-133/180
400: 0/4-0/4
496: 89/119-89 0/3/4/16/19/24/29/39/40/46/59/62/68/99/100/115/173/178/208/214/220/261/303/304/305-0/4/3/303/16/220/304/24/29/46/40/39/59/62/306/214/173/178/261 8/286-8/286 10/128-10/128 12/23-12/23 90/189-90/189 133/180-133/180
500: 80/220-220 0/200-0/200 3/303-3/303
596: 8/286-8 77/185-77 0/3/4/12/16/23/24/33/46/53/62/214/220/238/297/303/304/306-0/4/3/12/307/303/23/304/24/308/46/297/53/62/306/214/309/310/311/238 10/128-10/128 40/59-40/59 106/226-106/226
600: 3/303-3/303
