time sw pw pn awn ans aws Jwn Kwn lwns cwns KNwns KGwns vawx vawy vawz vanx vany vanz vawnx vawny vawnz vawnsx vawnsy vawnsz Gwnxx Gwnyy Gwnzz Gwnxy Gwnxz Gwnyz Gwsxx Gwsyy Gwszz Gwsxy Gwsxz Gwsyz Gnsxx Gnsyy Gnszz Gnsxy Gnsxz Gnsyz trawn trJwn trRwn wwndnw wwnsdnwn Jwnwwndnw Euler Kn Jn An
1000 0.61789 3.4992e+05 42550 3.3117e+05 0 7.8125e+05 -78890 26367 0 0 0 0 -70.199 1.6877e+06 60407 -141.81 83982 9.7129e+05 7.0676 4.2643 -20.682 0 0 0 1.1098e+05 1.0786e+05 1.1233e+05 -744.16 2531 -431.47 0 0 0 0 0 0 2.6104e+05 2.5855e+05 2.6166e+05 -378.42 649.98 140.56 1.0508e+05 -29787 -7.8638e+05 -10.325 0 27.819 354.5 28395 -79371 3.3278e+05
2000 0.62125 3.4766e+05 42023 3.1058e+05 0 7.8125e+05 -69329 29427 0 0 0 0 -67.866 1.6763e+06 63360 -115.54 89670 9.4907e+05 4.3114 4.8094 -9.5617 0 0 0 1.0319e+05 1.0117e+05 1.0622e+05 -169.48 2512.2 562.04 0 0 0 0 0 0 2.6104e+05 2.5855e+05 2.6166e+05 -378.42 649.98 140.56 1.0854e+05 -30327 -2.0307e+06 -15.927 0 11.997 520.5 30614 -69769 3.1212e+05
3000 0.62488 3.4902e+05 42579 2.99e+05 0 7.8125e+05 -68829 22601 0 0 0 0 -55.337 1.6719e+06 65647 -82.144 91109 9.3354e+05 2.6715 4.1161 -18.046 0 0 0 98698 98081 1.0222e+05 87.881 2207.2 1007.6 0 0 0 0 0 0 2.6104e+05 2.5855e+05 2.6166e+05 -378.42 649.98 140.56 1.1073e+05 -31063 -7.2146e+05 -6.239 0 -1.4281 557 33875 -69295 3.0053e+05
4000 0.62817 3.5017e+05 43096 2.9068e+05 0 7.8125e+05 -67625 18221 0 0 0 0 -32.836 1.6694e+06 66903 -74.076 90943 9.213e+05 2.8826 4.589 -7.8976 0 0 0 95742 96096 98836 421.99 2050 1069.8 0 0 0 0 0 0 2.6104e+05 2.5855e+05 2.6166e+05 -378.42 649.98 140.56 1.1197e+05 -31191 -7.9122e+05 -9.8127 0 4.0496 559.5 20030 -68112 2.9221e+05
5000 0.63115 3.4735e+05 42818 2.8509e+05 0 7.8125e+05 -66988 15776 0 0 0 0 -29.006 1.6665e+06 68853 -68.717 90298 9.1033e+05 3.5 2.7706 -7.9374 0 0 0 93732 94324 97038 790.12 2037.9 1179.7 0 0 0 0 0 0 2.6104e+05 2.5855e+05 2.6166e+05 -378.42 649.98 140.56 1.1389e+05 -31835 -1.2478e+06 3.918 0 -8.0994 628 81566 -67469 2.8662e+05
6000 0.63347 3.4823e+05 43225 2.8109e+05 0 7.8125e+05 -65688 13849 0 0 0 0 -11.185 1.6641e+06 69558 -55.926 89572 9.0218e+05 2.0646 1.2874 -8.5293 0 0 0 92421 92981 95688 1166 2183.7 1254.8 0 0 0 0 0 0 2.6104e+05 2.5855e+05 2.6166e+05 -378.42 649.98 140.56 1.1619e+05 -31868 -5.3275e+05 -2.5529 0 5.074 610 -1.5356e+05 -66162 2.8262e+05
7000 0.63542 3.4826e+05 43327 2.7757e+05 0 7.8125e+05 -64733 12650 0 0 0 0 3.9984 1.6619e+06 70237 -44.461 88824 8.9533e+05 1.5069 0.53603 -4.3036 0 0 0 91238 92014 94313 1407.6 2395.4 1149.2 0 0 0 0 0 0 2.6104e+05 2.5855e+05 2.6166e+05 -378.42 649.98 140.56 1.1801e+05 -32142 -5.668e+05 -4.2283 0 5.1015 628 -9.4419e+06 -65220 2.791e+05
8000 0.63717 3.4906e+05 43658 2.7463e+05 0 7.8125e+05 -63944 11861 0 0 0 0 7.2674 1.6589e+06 70855 -35.723 88071 8.893e+05 1.06 -0.064797 -8.5021 0 0 0 90222 91145 93258 1522.1 2599.4 1110.7 0 0 0 0 0 0 2.6104e+05 2.5855e+05 2.6166e+05 -378.42 649.98 140.56 1.192e+05 -32354 1.5931e+06 -0.048973 0 -7.2428 654.5 -7.4393e+07 -64432 2.7616e+05
9000 0.63842 3.4923e+05 43955 2.7304e+05 0 7.8125e+05 -63315 11201 0 0 0 0 11.964 1.6553e+06 71131 -32.604 87469 8.8425e+05 1.1092 -0.1362 -3.1536 0 0 0 89372 90631 93039 1549.1 2693.1 984.49 0 0 0 0 0 0 2.6104e+05 2.5855e+05 2.6166e+05 -378.42 649.98 140.56 1.2113e+05 -32723 -7.5642e+05 -1.6916 0 -2.4555 659 -9.8945e+09 -63803 2.7457e+05
10000 0.63959 3.499e+05 43983 2.7172e+05 0 7.8125e+05 -62370 10529 0 0 0 0 6.4915 1.65e+06 71340 -32.256 86820 8.7886e+05 1.3045 1.2058 -10.396 0 0 0 88685 90129 92907 1549.8 2700.1 870.13 0 0 0 0 0 0 2.6104e+05 2.5855e+05 2.6166e+05 -378.42 649.98 140.56 1.2283e+05 -32567 -6.7473e+05 -1.2248 0 -0.034649 648.5 -3.3935e+07 -62858 2.7325e+05
11000 0.64083 3.4961e+05 44164 2.6828e+05 0 7.8125e+05 -61359 10004 0 0 0 0 5.3559 1.6489e+06 71153 -30.914 85974 8.7495e+05 1.7682 0.8303 -9.9328 0 0 0 87869 89293 91118 1701.4 2765.1 794.04 0 0 0 0 0 0 2.6104e+05 2.5855e+05 2.6166e+05 -378.42 649.98 140.56 1.2249e+05 -32582 -7.8479e+05 -3.0402 0 0.69522 678 4.2155e+10 -61847 2.6981e+05
12000 0.64197 3.4951e+05 43879 2.6715e+05 0 7.8125e+05 -60900 9794 0 0 0 0 4.118 1.6446e+06 71467 -32.183 85332 8.6953e+05 1.6621 0.62084 -8.5085 0 0 0 87265 88815 91074 1807.4 2869.5 866.09 0 0 0 0 0 0 2.6104e+05 2.5855e+05 2.6166e+05 -378.42 649.98 140.56 1.2332e+05 -32530 -5.1914e+05 1.1906 0 -4.0782 687.5 -1.9803e+11 -61385 2.6869e+05
13000 0.64333 3.5137e+05 44212 2.641e+05 0 7.8125e+05 -59429 9342.2 0 0 0 0 6.264 1.6441e+06 70649 -29.006 84346 8.6524e+05 1.6114 1.3471 -3.667 0 0 0 86294 88057 89753 1736.9 2879 897.77 0 0 0 0 0 0 2.6104e+05 2.5855e+05 2.6166e+05 -378.42 649.98 140.56 1.229e+05 -31963 -7.003e+05 -5.4461 0 3.3102 703 1.9721e+10 -59909 2.6563e+05
14000 0.64448 3.5227e+05 44549 2.6224e+05 0 7.8125e+05 -58949 9030 0 0 0 0 0.12666 1.6425e+06 70666 -30.103 83699 8.612e+05 1.5916 0.8587 -10.187 0 0 0 85845 87682 88714 1713.8 2838.4 733.35 0 0 0 0 0 0 2.6104e+05 2.5855e+05 2.6166e+05 -378.42 649.98 140.56 1.2306e+05 -32044 -1.2955e+06 3.864 0 -11.201 705 1.9837e+10 -59416 2.6377e+05
15000 0.64531 3.5263e+05 44717 2.617e+05 0 7.8125e+05 -58277 8715.1 0 0 0 0 -4.1524 1.6399e+06 70671 -27.94 83193 8.5747e+05 1.8601 0.63383 -6.6482 0 0 0 85561 87191 88952 1765.6 2936.4 695.12 0 0 0 0 0 0 2.6104e+05 2.5855e+05 2.6166e+05 -378.42 649.98 140.56 1.2447e+05 -31991 -7.0146e+05 -0.36019 0 -1.0808 686 1.1904e+11 -58746 2.6323e+05
16000 0.64601 3.5336e+05 44892 2.6051e+05 0 7.8125e+05 -57789 8538.5 0 0 0 0 -0.4603 1.6373e+06 70529 -27.03 82730 8.5445e+05 1.8254 1.0297 -7.3623 0 0 0 85305 86802 88404 1872.1 2861.5 661.27 0 0 0 0 0 0 2.6104e+05 2.5855e+05 2.6166e+05 -378.42 649.98 140.56 1.2463e+05 -31876 -8.8497e+05 -0.54699 0 -3.019 680.5 1.9876e+10 -58258 2.6204e+05
17000 0.64645 3.5242e+05 44150 2.5931e+05 0 7.8125e+05 -57295 8366.4 0 0 0 0 2.7367 1.6343e+06 70578 -30.251 82375 8.519e+05 0.98599 3.1933 -11.327 0 0 0 85190 86641 87476 1897.8 2976.4 715.08 0 0 0 0 0 0 2.6104e+05 2.5855e+05 2.6166e+05 -378.42 649.98 140.56 1.2492e+05 -31895 -6.7068e+05 9.0496 0 -11.254 705 3.9689e+10 -57763 2.6083e+05
18000 0.64691 3.5316e+05 44528 2.5847e+05 0 7.8125e+05 -56747 8251.2 0 0 0 0 1.4223 1.6309e+06 70308 -30.317 81751 8.4889e+05 1.23 -0.45419 -3.9857 0 0 0 84930 86328 87212 1963.8 2969.2 841.33 0 0 0 0 0 0 2.6104e+05 2.5855e+05 2.6166e+05 -378.42 649.98 140.56 1.2535e+05 -31633 -6.0105e+05 5.9959 0 -7.0385 710.5 4.9596e+10 -57217 2.6e+05
19000 0.64725 3.5342e+05 45012 2.5796e+05 0 7.8125e+05 -56590 8259.2 0 0 0 0 -3.0014 1.6269e+06 70421 -37.138 81481 8.4624e+05 1.2756 0.5666 -9.4565 0 0 0 84784 86170 87002 2066.7 3037 843.17 0 0 0 0 0 0 2.6104e+05 2.5855e+05 2.6166e+05 -378.42 649.98 140.56 1.2582e+05 -31665 -9.5938e+05 10.112 0 -14.109 718 1.1936e+11 -57058 2.5948e+05
20000 0.64761 3.5449e+05 45333 2.5678e+05 0 7.8125e+05 -55944 8086.8 0 0 0 0 -1.6795 1.6242e+06 69869 -44.134 80935 8.4387e+05 1.0832 -0.81273 -4.48 0 0 0 84351 85939 86495 2288.9 3090.9 867.55 0 0 0 0 0 0 2.6104e+05 2.5855e+05 2.6166e+05 -378.42 649.98 140.56 1.2575e+05 -31379 -8.2339e+05 7.6593 0 -9.7136 714.5 7.9288e+11 -56415 2.5831e+05
