time sw pw pn awn ans aws Jwn Kwn lwns cwns KNwns KGwns vawx vawy vawz vanx vany vanz vawnx vawny vawnz vawnsx vawnsy vawnsz Gwnxx Gwnyy Gwnzz Gwnxy Gwnxz Gwnyz Gwsxx Gwsyy Gwszz Gwsxy Gwsxz Gwsyz Gnsxx Gnsyy Gnszz Gnsxy Gnsxz Gnsyz trawn trJwn trRwn wwndnw wwnsdnwn Jwnwwndnw Euler Kn Jn An
1000 0.56688 2.8402e+05 40545 3.872e+05 0 7.9281e+05 -1.0919e+05 1.1014e+08 0 0 0 0 -33.854 1.5554e+06 66352 31.521 93242 1.1118e+06 -0.6804 8.0592 -20.405 0 0 0 1.3053e+05 1.2767e+05 1.29e+05 709.81 935.52 -1858.1 0 0 0 0 0 0 2.6606e+05 2.6487e+05 2.6187e+05 398.55 -529.4 199.89 1.1742e+05 -32950 -1.0669e+06 -24.188 0 168.14 205 1.1014e+08 -1.1015e+05 3.8874e+05
2000 0.56981 2.8423e+05 39530 3.66e+05 0 7.9281e+05 -77840 64814 0 0 0 0 -37.325 1.5413e+06 70245 40.239 1.0165e+05 1.0843e+06 -0.075117 1.6005 -10.857 0 0 0 1.2286e+05 1.1996e+05 1.2319e+05 868.82 627.23 -1282.4 0 0 0 0 0 0 2.6606e+05 2.6487e+05 2.6187e+05 398.55 -529.4 199.89 1.2384e+05 -33830 4.443e+05 -8.7916 0 12.511 460.5 67374 -78696 3.6743e+05
3000 0.57318 2.8404e+05 40054 3.5273e+05 0 7.9281e+05 -77577 41196 0 0 0 0 -26.48 1.536e+06 73226 28.258 1.0437e+05 1.0658e+06 -0.66118 2.114 -14.576 0 0 0 1.1816e+05 1.1552e+05 1.1905e+05 626.09 810.3 -995.78 0 0 0 0 0 0 2.6606e+05 2.6487e+05 2.6187e+05 398.55 -529.4 199.89 1.2778e+05 -34649 -1.3871e+06 -0.59091 0 0.1852 445 43829 -78467 3.5416e+05
4000 0.57638 2.8386e+05 40880 3.447e+05 0 7.9281e+05 -77429 31039 0 0 0 0 -17.862 1.5325e+06 75198 9.8817 1.0534e+05 1.0516e+06 -0.091839 3.671 -11.651 0 0 0 1.1507e+05 1.1264e+05 1.1699e+05 240.17 1495.6 -785.35 0 0 0 0 0 0 2.6606e+05 2.6487e+05 2.6187e+05 398.55 -529.4 199.89 1.3105e+05 -35547 -6.4549e+05 -8.7253 0 6.0281 451.5 33582 -78315 3.4613e+05
5000 0.57936 2.8425e+05 41305 3.3906e+05 0 7.9281e+05 -76902 25430 0 0 0 0 -0.012562 1.53e+06 77290 -0.051097 1.0544e+05 1.0391e+06 1.0493 2.0407 5.3064 0 0 0 1.1263e+05 1.1089e+05 1.1554e+05 -48.749 1797.4 -503.07 0 0 0 0 0 0 2.6606e+05 2.6487e+05 2.6187e+05 398.55 -529.4 199.89 1.3393e+05 -36003 -5.2878e+05 -5.3593 0 0.41082 476 27974 -77792 3.4049e+05
6000 0.58183 2.8384e+05 41840 3.354e+05 0 7.9281e+05 -76426 21772 0 0 0 0 8.3361 1.5272e+06 79058 -6.0117 1.051e+05 1.0287e+06 0.95003 1.3913 -7.339 0 0 0 1.1095e+05 1.099e+05 1.1454e+05 -446.54 1943.8 -536.63 0 0 0 0 0 0 2.6606e+05 2.6487e+05 2.6187e+05 398.55 -529.4 199.89 1.3748e+05 -36637 -7.2711e+05 -10.807 0 11.58 469.5 24313 -77314 3.3682e+05
7000 0.58414 2.8364e+05 42460 3.3173e+05 0 7.9281e+05 -75447 19069 0 0 0 0 12.868 1.5257e+06 80617 -3.1829 1.0449e+05 1.0199e+06 1.99 1.3917 -5.8214 0 0 0 1.0947e+05 1.0889e+05 1.1336e+05 -815.03 2061.9 -423.76 0 0 0 0 0 0 2.6606e+05 2.6487e+05 2.6187e+05 398.55 -529.4 199.89 1.3979e+05 -36860 -1.7189e+06 3.9532 0 -5.2393 463.5 21504 -76340 3.3315e+05
8000 0.5862 2.8357e+05 42742 3.287e+05 0 7.9281e+05 -74154 17232 0 0 0 0 19.223 1.5233e+06 81576 -10.487 1.0374e+05 1.012e+06 1.6934 4.3883 -4.0577 0 0 0 1.0821e+05 1.0796e+05 1.1252e+05 -1137.7 2421.6 -155.6 0 0 0 0 0 0 2.6606e+05 2.6487e+05 2.6187e+05 398.55 -529.4 199.89 1.4223e+05 -36844 -7.8068e+05 9.5484 0 -16.728 461.5 904.25 -75044 3.3012e+05
9000 0.58779 2.8416e+05 43264 3.2516e+05 0 7.9281e+05 -72853 15808 0 0 0 0 22.256 1.521e+06 81755 -14.644 1.028e+05 1.0057e+06 1.9911 1.3197 1.775 0 0 0 1.071e+05 1.07e+05 1.1106e+05 -1412 2420.4 104.83 0 0 0 0 0 0 2.6606e+05 2.6487e+05 2.6187e+05 398.55 -529.4 199.89 1.4359e+05 -36788 -1.7517e+06 -0.33883 0 -1.3602 484 -6.1987e+08 -73748 3.2659e+05
10000 0.58926 2.8475e+05 43968 3.2203e+05 0 7.9281e+05 -71529 14726 0 0 0 0 34.325 1.5169e+06 81743 -12.004 1.0183e+05 9.9917e+05 0.81962 2.9407 -0.47551 0 0 0 1.0614e+05 1.0603e+05 1.0986e+05 -1613.2 2383.5 204.88 0 0 0 0 0 0 2.6606e+05 2.6487e+05 2.6187e+05 398.55 -529.4 199.89 1.445e+05 -36379 -1.4358e+06 -1.9971 0 1.2819 488 17134 -72423 3.2346e+05
11000 0.59086 2.8473e+05 44265 3.188e+05 0 7.9281e+05 -70690 13977 0 0 0 0 36.294 1.5168e+06 81969 -12.797 1.0084e+05 9.9356e+05 0.055501 3.3449 -3.5301 0 0 0 1.0521e+05 1.0533e+05 1.0827e+05 -1770 2297.7 278.07 0 0 0 0 0 0 2.6606e+05 2.6487e+05 2.6187e+05 398.55 -529.4 199.89 1.4523e+05 -36846 -5.3922e+05 -8.8552 0 8.6191 525 9.9382e+09 -71585 3.2023e+05
12000 0.59231 2.8604e+05 44546 3.1746e+05 0 7.9281e+05 -69682 13214 0 0 0 0 34.26 1.5125e+06 82286 -11.09 99929 9.8711e+05 1.5266 0.71556 -0.29838 0 0 0 1.0464e+05 1.0451e+05 1.0831e+05 -1711.7 2065.2 431.01 0 0 0 0 0 0 2.6606e+05 2.6487e+05 2.6187e+05 398.55 -529.4 199.89 1.4689e+05 -36441 -9.8242e+05 -3.3509 0 2.1183 474 -3.4871e+08 -70573 3.1888e+05
13000 0.5935 2.8718e+05 44746 3.1508e+05 0 7.9281e+05 -68649 12614 0 0 0 0 35.837 1.5104e+06 82288 -0.0064893 99195 9.8186e+05 0.044484 3.3251 -4.3054 0 0 0 1.0377e+05 1.0377e+05 1.0755e+05 -1696.6 1967.6 501.05 0 0 0 0 0 0 2.6606e+05 2.6487e+05 2.6187e+05 398.55 -529.4 199.89 1.473e+05 -36334 1.3189e+05 0.93365 0 -3.7262 507 3.9354e+05 -69539 3.1651e+05
14000 0.59489 2.8822e+05 45066 3.1347e+05 0 7.9281e+05 -68079 12194 0 0 0 0 33.513 1.5087e+06 82539 0.69668 98367 9.7634e+05 0.099532 1.9853 0.85122 0 0 0 1.0306e+05 1.0342e+05 1.0699e+05 -1706.4 1944.5 422.82 0 0 0 0 0 0 2.6606e+05 2.6487e+05 2.6187e+05 398.55 -529.4 199.89 1.4809e+05 -36473 3.5631e+06 7.7206 0 -14.351 516.5 -6.348e+11 -68973 3.1489e+05
15000 0.59581 2.898e+05 45642 3.1081e+05 0 7.9281e+05 -67105 11710 0 0 0 0 31.347 1.5064e+06 81845 3.931 97548 9.7257e+05 0.66411 -0.91647 -1.5114 0 0 0 1.0224e+05 1.0263e+05 1.0594e+05 -1838 2072.2 380.29 0 0 0 0 0 0 2.6606e+05 2.6487e+05 2.6187e+05 398.55 -529.4 199.89 1.4777e+05 -36261 -7.0233e+05 -1.2729 0 0.22176 513.5 -6.348e+11 -67999 3.1224e+05
16000 0.59663 2.9107e+05 45851 3.0877e+05 0 7.9281e+05 -66312 11410 0 0 0 0 18.093 1.5039e+06 81527 3.0304 96908 9.6854e+05 0.37402 4.9446 0.28634 0 0 0 1.0155e+05 1.0234e+05 1.0488e+05 -1913.3 2042 318.73 0 0 0 0 0 0 2.6606e+05 2.6487e+05 2.6187e+05 398.55 -529.4 199.89 1.4735e+05 -36057 -2.239e+05 1.0783 0 -2.0521 548.5 4288.7 -67207 3.1019e+05
17000 0.59746 2.9241e+05 46372 3.0694e+05 0 7.9281e+05 -65761 11079 0 0 0 0 9.3155 1.5019e+06 81097 -2.6216 96176 9.6497e+05 0.30379 3.2324 -12.337 0 0 0 1.0098e+05 1.0209e+05 1.0387e+05 -1902.5 2155.8 259.14 0 0 0 0 0 0 2.6606e+05 2.6487e+05 2.6187e+05 398.55 -529.4 199.89 1.4699e+05 -36080 -1.2904e+05 0.4927 0 -2.7164 569 -1.2398e+09 -66652 3.0837e+05
18000 0.59841 2.9376e+05 46658 3.0579e+05 0 7.9281e+05 -65204 10777 0 0 0 0 -0.35764 1.4992e+06 80921 -6.7795 95394 9.6028e+05 0.48393 1.7681 1.1136 0 0 0 1.003e+05 1.0184e+05 1.0365e+05 -1939.6 1920 436.94 0 0 0 0 0 0 2.6606e+05 2.6487e+05 2.6187e+05 398.55 -529.4 199.89 1.4725e+05 -35793 -2.8148e+06 4.2488 0 -5.2113 548 -2.3988e+06 -66096 3.0721e+05
19000 0.59929 2.954e+05 47015 3.0398e+05 0 7.9281e+05 -64673 10625 0 0 0 0 0.038808 1.4963e+06 80683 -7.549 94690 9.5632e+05 0.35899 6.0142 2.0842 0 0 0 99427 1.0175e+05 1.0279e+05 -1879.2 2000.3 495.55 0 0 0 0 0 0 2.6606e+05 2.6487e+05 2.6187e+05 398.55 -529.4 199.89 1.4664e+05 -35461 -2.4888e+05 12.187 0 -13.975 558.5 -4.9981e+09 -65564 3.054e+05
20000 0.60012 2.9667e+05 47417 3.0311e+05 0 7.9281e+05 -64527 10443 0 0 0 0 0.61722 1.4937e+06 80654 -8.173 94001 9.524e+05 0.030044 5.5337 -1.3254 0 0 0 98591 1.0182e+05 1.027e+05 -1827.4 2146.3 556.82 0 0 0 0 0 0 2.6606e+05 2.6487e+05 2.6187e+05 398.55 -529.4 199.89 1.4673e+05 -35512 -5.6279e+05 9.475 0 -15.767 531 6.3976e+11 -65418 3.0454e+05
