time sw pw pn awn ans aws Jwn Kwn lwns cwns KNwns KGwns vawx vawy vawz vanx vany vanz vawnx vawny vawnz vawnsx vawnsy vawnsz Gwnxx Gwnyy Gwnzz Gwnxy Gwnxz Gwnyz Gwsxx Gwsyy Gwszz Gwsxy Gwsxz Gwsyz Gnsxx Gnsyy Gnszz Gnsxy Gnsxz Gnsyz trawn trJwn trRwn wwndnw wwnsdnwn Jwnwwndnw Euler Kn Jn An
1000 0.59347 3.0514e+05 38096 3.529e+05 0 7.563e+05 -97194 -4.3653e+05 0 0 0 0 -70.127 1.5937e+06 63659 -18.98 88191 1.0367e+06 3.3692 2.9699 -17.819 0 0 0 1.1551e+05 1.1512e+05 1.2228e+05 600.48 21.876 -670.1 0 0 0 0 0 0 2.513e+05 2.5238e+05 2.5262e+05 513.11 -502.15 -58.17 1.1254e+05 -30177 -6.0317e+05 -1.583 0 32.657 291.5 -4.337e+05 -98045 3.5447e+05
2000 0.59433 3.0152e+05 38168 3.3392e+05 0 7.563e+05 -73336 31774 0 0 0 0 -60.261 1.5764e+06 67203 -16.153 95591 1.0187e+06 2.2143 0.33694 -8.5285 0 0 0 1.0852e+05 1.0879e+05 1.166e+05 308.91 -19.152 -447.47 0 0 0 0 0 0 2.513e+05 2.5238e+05 2.5262e+05 513.11 -502.15 -58.17 1.1688e+05 -32373 -4.656e+05 0.37834 0 5.6976 495.5 34447 -74174 3.3542e+05
3000 0.59702 3.0034e+05 39154 3.2344e+05 0 7.563e+05 -72487 26555 0 0 0 0 -44.037 1.5669e+06 69835 -14.572 98057 1.0028e+06 1.717 1.9763 -18.372 0 0 0 1.0396e+05 1.0553e+05 1.1394e+05 256.21 -132.19 -343.62 0 0 0 0 0 0 2.513e+05 2.5238e+05 2.5262e+05 513.11 -502.15 -58.17 1.211e+05 -33175 -4.5505e+05 -8.1072 0 16.709 492.5 29208 -73334 3.2493e+05
4000 0.59941 2.9948e+05 40031 3.1689e+05 0 7.563e+05 -71783 22050 0 0 0 0 -44.008 1.5586e+06 72265 -18.281 98973 9.899e+05 1.8153 3.6489 -14.071 0 0 0 1.0132e+05 1.0357e+05 1.12e+05 76.331 195.17 -313.36 0 0 0 0 0 0 2.513e+05 2.5238e+05 2.5262e+05 513.11 -502.15 -58.17 1.252e+05 -33609 -2.7615e+06 -5.297 0 9.604 510.5 24879 -72665 3.1839e+05
5000 0.60196 2.9895e+05 40958 3.1066e+05 0 7.563e+05 -70510 18709 0 0 0 0 -35.714 1.5538e+06 73909 -20.708 98622 9.7972e+05 1.5447 1.0931 -9.0238 0 0 0 99608 1.0156e+05 1.0949e+05 -141.2 342.87 -246.77 0 0 0 0 0 0 2.513e+05 2.5238e+05 2.5262e+05 513.11 -502.15 -58.17 1.2762e+05 -33886 -6.9471e+05 -8.5868 0 8.9667 492 21506 -71392 3.1216e+05
6000 0.60437 2.9889e+05 41842 3.063e+05 0 7.563e+05 -69208 16383 0 0 0 0 -30.11 1.5486e+06 75141 -14.893 97956 9.7037e+05 1.5577 -0.76915 -14.957 0 0 0 98246 1.0018e+05 1.0787e+05 -97.505 576.77 -109.91 0 0 0 0 0 0 2.513e+05 2.5238e+05 2.5262e+05 513.11 -502.15 -58.17 1.2959e+05 -33774 -1.682e+05 6.383 0 -10.357 467.5 27311 -70071 3.0779e+05
7000 0.60628 2.9736e+05 42397 3.0317e+05 0 7.563e+05 -68761 14988 0 0 0 0 -23.288 1.5451e+06 76777 -16.01 97081 9.6168e+05 1.3746 -1.0339 -6.2988 0 0 0 97226 99188 1.0675e+05 -36.602 739.06 3.3268 0 0 0 0 0 0 2.513e+05 2.5238e+05 2.5262e+05 513.11 -502.15 -58.17 1.3205e+05 -34770 -1.8495e+06 15.7 0 -20.217 534 2.8422e+05 -69649 3.0466e+05
8000 0.60813 2.9723e+05 42999 2.9969e+05 0 7.563e+05 -67690 13609 0 0 0 0 -18.311 1.542e+06 77059 -20.827 96181 9.5448e+05 0.60518 -0.3283 -20.257 0 0 0 96091 98327 1.0527e+05 110.42 697.42 161.85 0 0 0 0 0 0 2.513e+05 2.5238e+05 2.5262e+05 513.11 -502.15 -58.17 1.3342e+05 -34964 -6.3364e+05 12.759 0 -11.09 548 2.8112e+05 -68548 3.0118e+05
9000 0.60955 2.9728e+05 43881 2.9627e+05 0 7.563e+05 -66640 12618 0 0 0 0 -24.57 1.54e+06 77092 -17.307 95077 9.4899e+05 0.24526 -0.62469 -6.8637 0 0 0 94899 97260 1.0411e+05 208.69 630.98 334.1 0 0 0 0 0 0 2.513e+05 2.5238e+05 2.5262e+05 513.11 -502.15 -58.17 1.3412e+05 -35112 2054.8 2.2654 0 -0.30577 565.5 86830 -67500 2.9776e+05
10000 0.61077 2.9819e+05 44332 2.947e+05 0 7.563e+05 -65833 11893 0 0 0 0 -21.082 1.5352e+06 77333 -21.493 94251 9.4283e+05 0.8845 1.0408 -6.7256 0 0 0 93770 96448 1.0448e+05 254.1 620.64 481 0 0 0 0 0 0 2.513e+05 2.5238e+05 2.5262e+05 513.11 -502.15 -58.17 1.3512e+05 -34827 -7.9534e+05 -7.1792 0 3.033 554 -71144 -66693 2.9619e+05
11000 0.61174 2.9832e+05 44860 2.9247e+05 0 7.563e+05 -65096 11260 0 0 0 0 -30.216 1.5313e+06 77501 -24.122 93549 9.3813e+05 1.4766 -0.58565 -21.899 0 0 0 92930 96002 1.0353e+05 458.37 665.62 697.87 0 0 0 0 0 0 2.513e+05 2.5238e+05 2.5262e+05 513.11 -502.15 -58.17 1.3548e+05 -34806 -9.0608e+05 8.17 0 -8.6638 559.5 3.0795e+05 -65958 2.9396e+05
12000 0.61209 2.9743e+05 45066 2.9203e+05 0 7.563e+05 -65009 11058 0 0 0 0 -33.529 1.5267e+06 78079 -23.222 93020 9.3339e+05 0.86357 -0.14777 -15.649 0 0 0 92581 95985 1.0346e+05 829.93 813.33 1070.6 0 0 0 0 0 0 2.513e+05 2.5238e+05 2.5262e+05 513.11 -502.15 -58.17 1.3718e+05 -35411 -8.1476e+05 1.8313 0 2.6341 575 2.4343e+06 -65871 2.9352e+05
13000 0.61286 2.9769e+05 45153 2.894e+05 0 7.563e+05 -63728 10438 0 0 0 0 -33.527 1.5243e+06 78126 -16.381 92038 9.3014e+05 0.30518 -0.12626 -5.1975 0 0 0 91911 95358 1.0213e+05 1095.7 811.86 1029.4 0 0 0 0 0 0 2.513e+05 2.5238e+05 2.5262e+05 513.11 -502.15 -58.17 1.3763e+05 -35150 -1.5385e+06 7.5117 0 -5.7307 579 9.6962e+06 -64594 2.9089e+05
14000 0.61315 2.977e+05 45607 2.8823e+05 0 7.563e+05 -63342 10045 0 0 0 0 -29.288 1.5199e+06 78267 -11.142 91483 9.2655e+05 0.5262 3.7703 -12.761 0 0 0 91482 94929 1.0182e+05 1209.5 676.65 832.8 0 0 0 0 0 0 2.513e+05 2.5238e+05 2.5262e+05 513.11 -502.15 -58.17 1.3796e+05 -35173 -4.7698e+05 5.7309 0 -1.8758 589.5 3.0996e+08 -64204 2.8973e+05
15000 0.61372 2.9893e+05 46200 2.869e+05 0 7.563e+05 -62799 9824.2 0 0 0 0 -28.524 1.5148e+06 77739 -15.421 90703 9.2308e+05 0.098903 1.2626 -6.8767 0 0 0 90884 94476 1.0154e+05 1188.9 637.71 605.07 0 0 0 0 0 0 2.513e+05 2.5238e+05 2.5262e+05 513.11 -502.15 -58.17 1.3774e+05 -34742 -1.5653e+06 -1.8933 0 5.1082 553 -3.9676e+10 -63620 2.8839e+05
16000 0.61428 2.9997e+05 46879 2.8494e+05 0 7.563e+05 -62195 9634.6 0 0 0 0 -30.388 1.512e+06 77117 -16.631 89999 9.1981e+05 0.48369 1.0899 -11.919 0 0 0 90122 93857 1.0096e+05 1125.8 663.57 418.35 0 0 0 0 0 0 2.513e+05 2.5238e+05 2.5262e+05 513.11 -502.15 -58.17 1.3726e+05 -34643 -8.7768e+05 3.4805 0 0.1447 563.5 -1.587e+11 -63017 2.8643e+05
17000 0.6149 2.9969e+05 47351 2.8311e+05 0 7.563e+05 -61887 9595 0 0 0 0 -34.259 1.5096e+06 77211 -6.8231 89257 9.1615e+05 0.47581 0.79244 -7.0012 0 0 0 89614 93263 1.0024e+05 1117.6 609.25 241.85 0 0 0 0 0 0 2.513e+05 2.5238e+05 2.5262e+05 513.11 -502.15 -58.17 1.367e+05 -34795 -4.7676e+05 1.754 0 -5.282 592.5 -1.9044e+12 -62709 2.846e+05
18000 0.6151 2.9964e+05 47844 2.8284e+05 0 7.563e+05 -61909 9476.8 0 0 0 0 -29.981 1.5072e+06 77110 -5.674 88787 9.1278e+05 -0.20993 0.70703 -6.3068 0 0 0 89418 93122 1.003e+05 1020.9 554.15 91.388 0 0 0 0 0 0 2.513e+05 2.5238e+05 2.5262e+05 513.11 -502.15 -58.17 1.3785e+05 -35295 -1.0178e+06 1.4405 0 5.8144 631 1.1426e+13 -62754 2.8433e+05
19000 0.61546 3.0036e+05 48140 2.8189e+05 0 7.563e+05 -61582 9309.4 0 0 0 0 -24.528 1.5032e+06 76900 -2.6204 88237 9.1012e+05 -0.1959 0.32972 -9.2498 0 0 0 89112 92691 1.0008e+05 828.92 622.71 -31.546 0 0 0 0 0 0 2.513e+05 2.5238e+05 2.5262e+05 513.11 -502.15 -58.17 1.3756e+05 -34949 -7.5203e+05 5.7026 0 9.8996 585 9.5221e+11 -62430 2.8338e+05
20000 0.61574 3.0009e+05 48397 2.8086e+05 0 7.563e+05 -60998 9002 0 0 0 0 -27.843 1.5021e+06 76830 -5.3922 87756 9.0748e+05 0.11671 -0.24049 -6.0917 0 0 0 88740 92402 99719 638.48 555.73 -91.276 0 0 0 0 0 0 2.513e+05 2.5238e+05 2.5262e+05 513.11 -502.15 -58.17 1.38e+05 -35022 -5.5249e+05 8.01 0 -5.32 620 1.5886e+11 -61850 2.8235e+05
