time sw pw pn awn ans aws Jwn Kwn lwns cwns KNwns KGwns vawx vawy vawz vanx vany vanz vawnx vawny vawnz vawnsx vawnsy vawnsz Gwnxx Gwnyy Gwnzz Gwnxy Gwnxz Gwnyz Gwsxx Gwsyy Gwszz Gwsxy Gwsxz Gwsyz Gnsxx Gnsyy Gnszz Gnsxy Gnsxz Gnsyz trawn trJwn trRwn wwndnw wwnsdnwn Jwnwwndnw Euler Kn Jn An
1000 0.6216 3.5469e+05 34183 3.6038e+05 0 8.0443e+05 -79990 1.9437e+05 0 0 0 0 83.934 1.7524e+06 65043 58.638 89622 1.0032e+06 -5.3336 4.3801 -15.336 0 0 0 1.1804e+05 1.1951e+05 1.2283e+05 -414.74 -1588.8 1438.2 0 0 0 0 0 0 2.6759e+05 2.6826e+05 2.6859e+05 588.3 -444.76 490.9 1.163e+05 -33358 -62951 -4.4474 0 47.55 187.25 1.9658e+05 -80582 3.6202e+05
2000 0.6221 3.4777e+05 34967 3.3765e+05 0 8.0443e+05 -76871 2.029e+06 0 0 0 0 77.799 1.7356e+06 68318 54.514 96429 9.8686e+05 -3.4652 3.4549 -9.3175 0 0 0 1.1029e+05 1.1218e+05 1.1518e+05 -542.4 -1638.3 1998.4 0 0 0 0 0 0 2.6759e+05 2.6826e+05 2.6859e+05 588.3 -444.76 490.9 1.1975e+05 -33286 -5.2239e+05 -8.4185 0 23.874 463.75 2.031e+06 -77432 3.3919e+05
3000 0.6239 3.4631e+05 36514 3.2636e+05 0 8.0443e+05 -75323 8.0673e+05 0 0 0 0 55.679 1.7231e+06 71291 49.195 98883 9.7338e+05 -3.6658 3.7188 -14.46 0 0 0 1.0611e+05 1.0788e+05 1.1237e+05 -533.14 -1452.3 2313.7 0 0 0 0 0 0 2.6759e+05 2.6826e+05 2.6859e+05 588.3 -444.76 490.9 1.2441e+05 -33773 -5.295e+05 0.8076 0 9.1705 465.25 8.0874e+05 -75915 3.279e+05
4000 0.62557 3.4447e+05 38116 3.1884e+05 0 8.0443e+05 -74810 8.5514e+05 0 0 0 0 55.074 1.7132e+06 73487 42.529 99160 9.6357e+05 -3.3936 3.2218 -11.214 0 0 0 1.0348e+05 1.0519e+05 1.1017e+05 -627.59 -1350 2382.1 0 0 0 0 0 0 2.6759e+05 2.6826e+05 2.6859e+05 588.3 -444.76 490.9 1.2817e+05 -34446 -4.8403e+05 -1.4162 0 8.9015 481.75 8.5719e+05 -75403 3.2038e+05
5000 0.62724 3.3994e+05 38802 3.1306e+05 0 8.0443e+05 -74870 1.7759e+06 0 0 0 0 62.47 1.7047e+06 75048 31.833 98704 9.5449e+05 -2.4301 1.0519 -5.287 0 0 0 1.0106e+05 1.0331e+05 1.087e+05 -680.74 -1514 2490.7 0 0 0 0 0 0 2.6759e+05 2.6826e+05 2.6859e+05 588.3 -444.76 490.9 1.3076e+05 -34725 -9.4497e+05 -1.8552 0 7.1456 497.25 1.7615e+06 -75466 3.146e+05
6000 0.62845 3.3809e+05 40170 3.0938e+05 0 8.0443e+05 -73607 9.7661e+05 0 0 0 0 54 1.6975e+06 76889 26.097 98013 9.4779e+05 -2.1453 1.8231 -7.7377 0 0 0 99639 1.0189e+05 1.0785e+05 -572.58 -1652.9 2380.7 0 0 0 0 0 0 2.6759e+05 2.6826e+05 2.6859e+05 588.3 -444.76 490.9 1.3359e+05 -35222 -7.5639e+05 3.0974 0 -7.052 501.25 9.588e+05 -74205 3.1092e+05
7000 0.62906 3.3644e+05 41176 3.0631e+05 0 8.0443e+05 -72491 9.2462e+05 0 0 0 0 38.961 1.6894e+06 77699 24.193 97230 9.428e+05 -2.0023 1.5048 -5.6074 0 0 0 98776 1.0068e+05 1.0685e+05 -347.04 -1818.4 2432.7 0 0 0 0 0 0 2.6759e+05 2.6826e+05 2.6859e+05 588.3 -444.76 490.9 1.3638e+05 -35562 -1.8517e+06 1.8298 0 5.2553 530.75 1.1243e+06 -73090 3.0785e+05
8000 0.62941 3.3528e+05 42517 3.0367e+05 0 8.0443e+05 -71884 9.0755e+05 0 0 0 0 39.97 1.6828e+06 78609 11.783 96496 9.3948e+05 -1.7247 2.7882 -2.6556 0 0 0 98130 99608 1.0593e+05 -282.15 -1908.3 2442.4 0 0 0 0 0 0 2.6759e+05 2.6826e+05 2.6859e+05 588.3 -444.76 490.9 1.3855e+05 -36158 -4.8695e+05 -0.79714 0 5.4922 545.25 1.2202e+06 -72484 3.0521e+05
9000 0.62947 3.3386e+05 43649 3.0141e+05 0 8.0443e+05 -70954 1.2242e+06 0 0 0 0 35.614 1.675e+06 78802 -4.5921 95722 9.3636e+05 -0.74168 2.8275 -0.52378 0 0 0 97461 98466 1.0548e+05 -573.19 -2070.4 2283.5 0 0 0 0 0 0 2.6759e+05 2.6826e+05 2.6859e+05 588.3 -444.76 490.9 1.3959e+05 -35848 -7.6668e+05 9.5935 0 -9.9036 563.75 -3.9352e+06 -71557 3.0295e+05
10000 0.62965 3.3089e+05 45046 2.9783e+05 0 8.0443e+05 -70163 1.0996e+06 0 0 0 0 28.233 1.673e+06 79087 -11.637 94811 9.3547e+05 -0.12476 3.2937 -12.197 0 0 0 97140 97830 1.0286e+05 -727.54 -2041.7 2146.6 0 0 0 0 0 0 2.6759e+05 2.6826e+05 2.6859e+05 588.3 -444.76 490.9 1.4045e+05 -36563 -6.6558e+05 6.1899 0 -1.1036 614.75 4.255e+07 -70787 2.9937e+05
11000 0.62929 3.306e+05 46082 2.977e+05 0 8.0443e+05 -69078 8.0827e+05 0 0 0 0 25.363 1.6638e+06 79519 -21.971 94303 9.3309e+05 -0.60698 1.1489 -7.6123 0 0 0 96593 96853 1.0425e+05 -576.16 -2041 2102.9 0 0 0 0 0 0 2.6759e+05 2.6826e+05 2.6859e+05 588.3 -444.76 490.9 1.4223e+05 -36111 -6.8664e+05 5.9976 0 -8.1409 563.25 -3.1867e+08 -69700 2.9924e+05
12000 0.62907 3.2867e+05 47000 2.9497e+05 0 8.0443e+05 -67934 6.0659e+05 0 0 0 0 23.523 1.6599e+06 79500 -24.023 93626 9.3228e+05 -0.63726 0.7859 -13.372 0 0 0 96176 96230 1.0256e+05 -582.45 -2049.8 2119.9 0 0 0 0 0 0 2.6759e+05 2.6826e+05 2.6859e+05 588.3 -444.76 490.9 1.4284e+05 -36450 -6.0991e+05 6.2716 0 -3.4551 611.75 1.2796e+09 -68557 2.9651e+05
13000 0.62893 3.296e+05 48097 2.9362e+05 0 8.0443e+05 -67686 1.2209e+06 0 0 0 0 30.828 1.6521e+06 79055 -30.678 92883 9.299e+05 -0.35473 1.2109 -8.6715 0 0 0 95624 95560 1.0243e+05 -416.28 -1986.3 2102.2 0 0 0 0 0 0 2.6759e+05 2.6826e+05 2.6859e+05 588.3 -444.76 490.9 1.4272e+05 -35977 -6.2113e+05 -2.3262 0 7.7609 592.25 4.6497e+09 -68308 2.9516e+05
14000 0.62874 3.3059e+05 49188 2.918e+05 0 8.0443e+05 -66324 6.5066e+05 0 0 0 0 26.29 1.6454e+06 78539 -33.881 92009 9.2816e+05 -0.58352 1.7384 -5.3545 0 0 0 95067 94849 1.0189e+05 -252.53 -1640.3 1956.6 0 0 0 0 0 0 2.6759e+05 2.6826e+05 2.6859e+05 588.3 -444.76 490.9 1.4282e+05 -35859 -1.135e+06 1.8512 0 5.9763 604.75 -1.9837e+10 -66948 2.9335e+05
15000 0.6283 3.3057e+05 50362 2.8961e+05 0 8.0443e+05 -65693 6.8801e+05 0 0 0 0 22.221 1.6404e+06 78352 -37.348 91265 9.2788e+05 -1.4375 2.2867 -2.1189 0 0 0 94613 94181 1.0082e+05 122.96 -1185.4 1846.7 0 0 0 0 0 0 2.6759e+05 2.6826e+05 2.6859e+05 588.3 -444.76 490.9 1.4301e+05 -35738 2.6409e+06 5.1648 0 4.8615 631.25 6.6553e+05 -66302 2.9115e+05
16000 0.62802 3.3126e+05 51573 2.8764e+05 0 8.0443e+05 -64749 5.0959e+05 0 0 0 0 24.545 1.6351e+06 78033 -36.121 90380 9.2708e+05 -1.5951 1.3896 -11.865 0 0 0 94219 93540 99885 320.91 -1115 1929.4 0 0 0 0 0 0 2.6759e+05 2.6826e+05 2.6859e+05 588.3 -444.76 490.9 1.4238e+05 -35569 -4.2134e+05 1.1118 0 -1.5543 619.75 -4.1021e+05 -65361 2.8918e+05
17000 0.62772 3.3051e+05 51825 2.8664e+05 0 8.0443e+05 -65929 1.9601e+06 0 0 0 0 32.072 1.6289e+06 77827 -26.4 89801 9.2545e+05 -1.6808 -0.77398 -9.5573 0 0 0 93878 92943 99815 436.85 -1137.6 2014.6 0 0 0 0 0 0 2.6759e+05 2.6826e+05 2.6859e+05 588.3 -444.76 490.9 1.4196e+05 -35220 -1.1404e+06 6.7205 0 -0.090559 617.75 2.2193e+06 -66539 2.8818e+05
18000 0.62736 3.3057e+05 52867 2.8475e+05 0 8.0443e+05 -64015 7.9923e+05 0 0 0 0 35.86 1.6247e+06 77204 -25.06 89096 9.2497e+05 -1.5684 2.143 -7.4001 0 0 0 93486 92376 98889 426.05 -1190.6 1960.2 0 0 0 0 0 0 2.6759e+05 2.6826e+05 2.6859e+05 588.3 -444.76 490.9 1.4142e+05 -35151 -4.8733e+05 0.19299 0 6.6452 650.25 3.174e+11 -64623 2.8629e+05
19000 0.62687 3.3049e+05 53889 2.8352e+05 0 8.0443e+05 -63652 8.8633e+05 0 0 0 0 35.925 1.6199e+06 76696 -26.208 88588 9.2442e+05 -1.6384 1.7686 -5.4241 0 0 0 93123 92086 98306 380.32 -1276.2 1881.9 0 0 0 0 0 0 2.6759e+05 2.6826e+05 2.6859e+05 588.3 -444.76 490.9 1.4064e+05 -35006 -1.3271e+06 -2.0682 0 11.321 659.75 -1.6366e+11 -64263 2.8506e+05
20000 0.62656 3.3126e+05 54703 2.8228e+05 0 8.0443e+05 -62334 3.7953e+05 0 0 0 0 31.859 1.615e+06 76325 -38.915 88051 9.2316e+05 -0.99088 2.7802 -5.9922 0 0 0 92569 91880 97830 229.18 -1264.2 1790.1 0 0 0 0 0 0 2.6759e+05 2.6826e+05 2.6859e+05 588.3 -444.76 490.9 1.4005e+05 -34806 -7.9356e+05 4.9336 0 -1.8963 677.25 -6.348e+11 -62957 2.8382e+05
