time sw pw pn awn ans aws Jwn Kwn lwns cwns KNwns KGwns vawx vawy vawz vanx vany vanz vawnx vawny vawnz vawnsx vawnsy vawnsz Gwnxx Gwnyy Gwnzz Gwnxy Gwnxz Gwnyz Gwsxx Gwsyy Gwszz Gwsxy Gwsxz Gwsyz Gnsxx Gnsyy Gnszz Gnsxy Gnsxz Gnsyz trawn trJwn trRwn wwndnw wwnsdnwn Jwnwwndnw Euler Kn Jn An
1000 0.55676 2.7542e+05 51550 3.9524e+05 0 7.9527e+05 -88162 2.3099e+06 0 0 0 0 89.585 1.553e+06 69233 -88.565 97497 1.1704e+06 5.1453 -1.8418 -16.322 0 0 0 1.3271e+05 1.3001e+05 1.3252e+05 -1168.1 -218.19 -383.39 0 0 0 0 0 0 2.6246e+05 2.6699e+05 2.6583e+05 -476.53 457.76 369.28 1.2156e+05 -33375 -4.4577e+05 -8.356 0 46.122 126 2.3127e+06 -89041 3.9702e+05
2000 0.55697 2.6982e+05 50950 3.7275e+05 0 7.9527e+05 -81181 88132 0 0 0 0 72.122 1.5351e+06 73926 -77.15 1.0577e+05 1.1518e+06 3.9213 -5.5919 1.3 0 0 0 1.2456e+05 1.2192e+05 1.2627e+05 -1240.3 -317.3 -58.417 0 0 0 0 0 0 2.6246e+05 2.6699e+05 2.6583e+05 -476.53 457.76 369.28 1.2801e+05 -34922 -1.0707e+06 6.3482 0 6.8261 444.5 90678 -82004 3.7443e+05
3000 0.55956 2.6852e+05 52300 3.5981e+05 0 7.9527e+05 -80582 57490 0 0 0 0 51.857 1.526e+06 76969 -83.266 1.084e+05 1.1348e+06 3.2042 -2.3154 -11.596 0 0 0 1.1996e+05 1.1707e+05 1.2279e+05 -1075.6 -466.09 277.23 0 0 0 0 0 0 2.6246e+05 2.6699e+05 2.6583e+05 -476.53 457.76 369.28 1.3307e+05 -36061 1.234e+05 -6.2641 0 15.302 503.5 58823 -81407 3.6146e+05
4000 0.56223 2.6819e+05 53548 3.5143e+05 0 7.9527e+05 -79908 47993 0 0 0 0 45.771 1.519e+06 79297 -67.968 1.0899e+05 1.1211e+06 2.8471 -0.64479 -13.748 0 0 0 1.1657e+05 1.1414e+05 1.2072e+05 -930.48 -573.59 337.85 0 0 0 0 0 0 2.6246e+05 2.6699e+05 2.6583e+05 -476.53 457.76 369.28 1.3695e+05 -36708 -7.2067e+05 -8.8549 0 6.5023 503.5 59345 -80744 3.5307e+05
5000 0.56446 2.6845e+05 54947 3.4455e+05 0 7.9527e+05 -78386 43354 0 0 0 0 42.708 1.5151e+06 80916 -41.455 1.0842e+05 1.1107e+06 4.0927 0.90438 -9.5574 0 0 0 1.1381e+05 1.1204e+05 1.187e+05 -686.01 -970.69 394.21 0 0 0 0 0 0 2.6246e+05 2.6699e+05 2.6583e+05 -476.53 457.76 369.28 1.4001e+05 -36751 -1.112e+06 -4.8231 0 11.047 532 1.2152e+05 -79229 3.462e+05
6000 0.56639 2.6921e+05 56313 3.3931e+05 0 7.9527e+05 -76892 38875 0 0 0 0 38.106 1.5102e+06 81871 -26.328 1.0761e+05 1.1015e+06 1.6652 -0.60431 -2.1917 0 0 0 1.1192e+05 1.1016e+05 1.1723e+05 -410.65 -1022.7 291.67 0 0 0 0 0 0 2.6246e+05 2.6699e+05 2.6583e+05 -476.53 457.76 369.28 1.4213e+05 -36671 -4.3431e+06 -6.2356 0 -2.5205 533 49659 -77737 3.4095e+05
7000 0.56834 2.6989e+05 57328 3.3417e+05 0 7.9527e+05 -75536 37807 0 0 0 0 29.9 1.5079e+06 82707 -16.248 1.0665e+05 1.0931e+06 1.4333 1.5423 -2.2236 0 0 0 1.1081e+05 1.085e+05 1.1486e+05 -211.57 -1143.9 31.447 0 0 0 0 0 0 2.6246e+05 2.6699e+05 2.6583e+05 -476.53 457.76 369.28 1.4312e+05 -36696 -8.2281e+05 -2.9527 0 -6.301 542.5 -7001.6 -76384 3.3581e+05
8000 0.57001 2.6944e+05 58275 3.3021e+05 0 7.9527e+05 -74686 36411 0 0 0 0 27.697 1.5051e+06 83344 -3.2733 1.0551e+05 1.0857e+06 1.7562 1.1278 -2.9033 0 0 0 1.097e+05 1.0746e+05 1.1305e+05 -187.16 -1115 -262.27 0 0 0 0 0 0 2.6246e+05 2.6699e+05 2.6583e+05 -476.53 457.76 369.28 1.441e+05 -37053 -1.2626e+06 -10.563 0 7.6615 584 7.2056e+05 -75535 3.3185e+05
9000 0.57163 2.6932e+05 58838 3.273e+05 0 7.9527e+05 -74326 33836 0 0 0 0 18.486 1.503e+06 83990 1.5433 1.0477e+05 1.079e+06 1.2937 1.8607 -3.6846 0 0 0 1.0865e+05 1.0649e+05 1.1216e+05 -198.41 -1077.7 -389.84 0 0 0 0 0 0 2.6246e+05 2.6699e+05 2.6583e+05 -476.53 457.76 369.28 1.453e+05 -37704 1.8616e+06 -4.1954 0 1.9366 618.5 1.5744e+08 -75177 3.2894e+05
10000 0.57266 2.6979e+05 59384 3.2505e+05 0 7.9527e+05 -73571 32834 0 0 0 0 19.172 1.498e+06 84220 3.446 1.0396e+05 1.0728e+06 -0.60128 6.3181 -6.4613 0 0 0 1.0769e+05 1.0595e+05 1.1141e+05 -214.11 -742.78 -552.58 0 0 0 0 0 0 2.6246e+05 2.6699e+05 2.6583e+05 -476.53 457.76 369.28 1.4631e+05 -37681 -7.2374e+05 10.368 0 -11.291 595.5 7.7488e+07 -74425 3.2669e+05
11000 0.57327 2.6967e+05 59954 3.2349e+05 0 7.9527e+05 -72600 33329 0 0 0 0 18.391 1.4934e+06 84232 9.5141 1.0309e+05 1.0686e+06 0.59283 2.7974 1.2732 0 0 0 1.0685e+05 1.0527e+05 1.1137e+05 -240.17 -755.79 -621.89 0 0 0 0 0 0 2.6246e+05 2.6699e+05 2.6583e+05 -476.53 457.76 369.28 1.4755e+05 -37539 -7.5006e+05 -1.7547 0 4.0285 610.5 1.5999e+11 -73456 3.2513e+05
12000 0.57366 2.6905e+05 60524 3.2184e+05 0 7.9527e+05 -72137 31439 0 0 0 0 23.046 1.4884e+06 84410 14.027 1.0246e+05 1.0645e+06 0.53073 3.7856 -17.141 0 0 0 1.0623e+05 1.0499e+05 1.1061e+05 -334.01 -794.89 -780.03 0 0 0 0 0 0 2.6246e+05 2.6699e+05 2.6583e+05 -476.53 457.76 369.28 1.4848e+05 -37801 -6.8157e+05 3.5478 0 -2.576 610.5 8.6353e+09 -72994 3.2348e+05
13000 0.57444 2.6859e+05 60810 3.1947e+05 0 7.9527e+05 -71490 29713 0 0 0 0 28.201 1.486e+06 84499 14.766 1.0167e+05 1.0603e+06 -0.043704 -0.83095 -1.8115 0 0 0 1.0549e+05 1.046e+05 1.0938e+05 -402.71 -716.92 -788.14 0 0 0 0 0 0 2.6246e+05 2.6699e+05 2.6583e+05 -476.53 457.76 369.28 1.4886e+05 -38074 -9.0428e+05 -4.5298 0 5.0843 652 3.7295e+09 -72346 3.2111e+05
14000 0.5748 2.6804e+05 60807 3.1937e+05 0 7.9527e+05 -71275 28986 0 0 0 0 32.669 1.4815e+06 84760 7.8774 1.0116e+05 1.0562e+06 -0.44372 0.38279 -0.28289 0 0 0 1.0493e+05 1.0456e+05 1.0988e+05 -325.34 -473.89 -859.37 0 0 0 0 0 0 2.6246e+05 2.6699e+05 2.6583e+05 -476.53 457.76 369.28 1.5034e+05 -38150 -4.2783e+05 -6.2862 0 6.9034 636 2.8192e+10 -72131 3.2101e+05
15000 0.57495 2.685e+05 61275 3.1893e+05 0 7.9527e+05 -70893 27944 0 0 0 0 25.254 1.4751e+06 84357 1.5974 1.006e+05 1.0525e+06 -0.51263 1.8555 -1.0778 0 0 0 1.0421e+05 1.0428e+05 1.1045e+05 -230.58 -373.49 -908.81 0 0 0 0 0 0 2.6246e+05 2.6699e+05 2.6583e+05 -476.53 457.76 369.28 1.5091e+05 -37898 -6.6053e+05 -3.6224 0 5.6004 610.5 -1.2739e+12 -71750 3.2057e+05
16000 0.57536 2.6937e+05 61750 3.1709e+05 0 7.9527e+05 -70293 28265 0 0 0 0 16.059 1.4713e+06 84086 -3.4892 99830 1.0488e+06 -0.89891 5.4046 2.2616 0 0 0 1.035e+05 1.0414e+05 1.0945e+05 -210.1 -496.03 -1146.4 0 0 0 0 0 0 2.6246e+05 2.6699e+05 2.6583e+05 -476.53 457.76 369.28 1.5062e+05 -37810 -91395 1.7393 0 -1.6226 623.5 -4.9479e+09 -71150 3.1873e+05
17000 0.57571 2.6995e+05 61750 3.158e+05 0 7.9527e+05 -69666 27497 0 0 0 0 11.933 1.4672e+06 83902 -4.9084 99280 1.0451e+06 -0.56854 3.5648 -1.4543 0 0 0 1.0281e+05 1.0403e+05 1.0897e+05 -215.58 -553.09 -1178.6 0 0 0 0 0 0 2.6246e+05 2.6699e+05 2.6583e+05 -476.53 457.76 369.28 1.5085e+05 -37699 -6.5975e+05 14.395 0 -15.935 630.5 -5.0763e+12 -70523 3.1744e+05
18000 0.57631 2.7081e+05 62397 3.1363e+05 0 7.9527e+05 -69169 26852 0 0 0 0 10.366 1.465e+06 83359 -4.4143 98387 1.0412e+06 0.40714 0.66761 -7.5295 0 0 0 1.0198e+05 1.04e+05 1.0764e+05 -177.16 -626.07 -1211.7 0 0 0 0 0 0 2.6246e+05 2.6699e+05 2.6583e+05 -476.53 457.76 369.28 1.5001e+05 -37727 4.2451e+05 -2.376 0 4.0679 638.5 -5.0778e+12 -70026 3.1527e+05
19000 0.57661 2.7128e+05 62614 3.1346e+05 0 7.9527e+05 -69072 25433 0 0 0 0 13.954 1.4607e+06 82880 -0.38197 97894 1.0377e+06 -0.084456 2.0552 -7.7247 0 0 0 1.0133e+05 1.0393e+05 1.0819e+05 -144.63 -660.18 -1241.9 0 0 0 0 0 0 2.6246e+05 2.6699e+05 2.6583e+05 -476.53 457.76 369.28 1.504e+05 -37629 -5.7222e+05 -2.6522 0 16.331 640.5 4.3431e+09 -69929 3.151e+05
20000 0.57717 2.7164e+05 63243 3.1108e+05 0 7.9527e+05 -68519 25827 0 0 0 0 14.527 1.4594e+06 82721 7.8576 97197 1.0343e+06 -0.44572 0.62051 -1.8944 0 0 0 1.006e+05 1.0383e+05 1.0665e+05 -36.64 -732.31 -1271.8 0 0 0 0 0 0 2.6246e+05 2.6699e+05 2.6583e+05 -476.53 457.76 369.28 1.4953e+05 -37700 -1.0599e+06 -2.1977 0 0.39229 656.5 -3.0388e+08 -69377 3.1272e+05
