time sw pw pn awn ans aws Jwn Kwn lwns cwns KNwns KGwns vawx vawy vawz vanx vany vanz vawnx vawny vawnz vawnsx vawnsy vawnsz Gwnxx Gwnyy Gwnzz Gwnxy Gwnxz Gwnyz Gwsxx Gwsyy Gwszz Gwsxy Gwsxz Gwsyz Gnsxx Gnsyy Gnszz Gnsxy Gnsxz Gnsyz trawn trJwn trRwn wwndnw wwnsdnwn Jwnwwndnw Euler Kn Jn An
1000 0.56894 2.6634e+05 29733 4.0659e+05 0 8.1732e+05 -93752 -6960.1 0 0 0 0 46.555 1.5017e+06 71067 137.26 99230 1.0813e+06 -8.3131 0.92315 -12.92 0 0 0 1.3293e+05 1.3562e+05 1.3804e+05 -2481.3 -721.21 -3804.2 0 0 0 0 0 0 2.7107e+05 2.7342e+05 2.7282e+05 -666.26 275.13 36.771 1.2595e+05 -36085 -3.4125e+05 -17.32 0 59.088 44 -4051.7 -94656 4.0835e+05
2000 0.56924 2.6602e+05 29183 3.8348e+05 0 8.1732e+05 -83425 40789 0 0 0 0 42.541 1.4807e+06 73964 101.91 1.0729e+05 1.0636e+06 -4.8289 3.0145 -5.6246 0 0 0 1.2562e+05 1.2738e+05 1.3047e+05 -2419.7 -1516.7 -3241.3 0 0 0 0 0 0 2.7107e+05 2.7342e+05 2.7282e+05 -666.26 275.13 36.771 1.2804e+05 -35936 -9.0189e+05 -7.3804 0 24.116 405 43256 -84256 3.851e+05
3000 0.57086 2.6685e+05 30075 3.7219e+05 0 8.1732e+05 -83185 32944 0 0 0 0 21.276 1.4661e+06 76380 63.776 1.1058e+05 1.0489e+06 -3.4769 5.6489 -4.4422 0 0 0 1.2136e+05 1.2341e+05 1.2742e+05 -2039.2 -1655.3 -2745.9 0 0 0 0 0 0 2.7107e+05 2.7342e+05 2.7282e+05 -666.26 275.13 36.771 1.3029e+05 -36024 -6.3572e+05 -3.7836 0 5.2243 423.5 35386 -84020 3.7379e+05
4000 0.57268 2.674e+05 31101 3.6409e+05 0 8.1732e+05 -83326 29235 0 0 0 0 0.077737 1.4563e+06 77802 54.512 1.1154e+05 1.0375e+06 -1.5917 2.0343 -8.6386 0 0 0 1.1849e+05 1.2073e+05 1.2487e+05 -1613.1 -1520.7 -2435.3 0 0 0 0 0 0 2.7107e+05 2.7342e+05 2.7282e+05 -666.26 275.13 36.771 1.3166e+05 -36451 -9.3645e+05 -4.9147 0 4.6326 422 31666 -84167 3.6568e+05
5000 0.57437 2.6757e+05 31700 3.6001e+05 0 8.1732e+05 -83386 26704 0 0 0 0 -14.278 1.4472e+06 79525 43.922 1.1163e+05 1.0272e+06 -1.5553 1.6576 -2.5678 0 0 0 1.1642e+05 1.194e+05 1.242e+05 -1394.2 -1449.9 -2204.1 0 0 0 0 0 0 2.7107e+05 2.7342e+05 2.7282e+05 -666.26 275.13 36.771 1.3437e+05 -37015 -9.8109e+05 -6.0453 0 13.113 440 29149 -84236 3.616e+05
6000 0.57521 2.6674e+05 32288 3.5652e+05 0 8.1732e+05 -83415 24831 0 0 0 0 -17.416 1.4391e+06 81073 42.568 1.1144e+05 1.0195e+06 -0.9469 2.269 3.179 0 0 0 1.1507e+05 1.1846e+05 1.2299e+05 -1222.9 -1513.6 -1987.7 0 0 0 0 0 0 2.7107e+05 2.7342e+05 2.7282e+05 -666.26 275.13 36.771 1.361e+05 -37675 -1.2677e+06 0.076719 0 -1.6834 455.5 27254 -84264 3.5811e+05
7000 0.57587 2.6647e+05 33098 3.5294e+05 0 8.1732e+05 -82686 23144 0 0 0 0 -17.826 1.4317e+06 81956 31.817 1.1063e+05 1.013e+06 -0.84433 2.5964 -0.65664 0 0 0 1.1363e+05 1.1739e+05 1.2192e+05 -1000.8 -1584.2 -1780.6 0 0 0 0 0 0 2.7107e+05 2.7342e+05 2.7282e+05 -666.26 275.13 36.771 1.3728e+05 -37697 -1.1434e+06 6.6228 0 0.42675 478 25592 -83539 3.5453e+05
8000 0.57629 2.6568e+05 33451 3.5042e+05 0 8.1732e+05 -82223 22974 0 0 0 0 -13.147 1.4253e+06 82902 26.455 1.1e+05 1.0075e+06 -1.1666 3.7724 -7.818 0 0 0 1.1276e+05 1.1664e+05 1.2102e+05 -880.91 -1505.1 -1601.2 0 0 0 0 0 0 2.7107e+05 2.7342e+05 2.7282e+05 -666.26 275.13 36.771 1.3881e+05 -38067 -9.088e+05 15.834 0 -17.91 498 25374 -83067 3.5201e+05
9000 0.57691 2.6484e+05 33954 3.4819e+05 0 8.1732e+05 -81743 36546 0 0 0 0 -19.04 1.4192e+06 83026 27.428 1.0906e+05 1.0022e+06 -0.16073 -2.743 7.3012 0 0 0 1.12e+05 1.1565e+05 1.2053e+05 -948.84 -1413 -1358.8 0 0 0 0 0 0 2.7107e+05 2.7342e+05 2.7282e+05 -666.26 275.13 36.771 1.3988e+05 -38064 -9.7255e+05 -6.0237 0 -7.7842 516.5 39101 -82598 3.4978e+05
10000 0.57686 2.6257e+05 34727 3.4451e+05 0 8.1732e+05 -80110 17592 0 0 0 0 -19.365 1.4165e+06 83285 34.593 1.0838e+05 1.0004e+06 -1.1207 0.21608 -3.4824 0 0 0 1.1152e+05 1.1501e+05 1.1798e+05 -1131.9 -1509.2 -1282.8 0 0 0 0 0 0 2.7107e+05 2.7342e+05 2.7282e+05 -666.26 275.13 36.771 1.4041e+05 -38446 1.3853e+06 2.4166 0 -0.505 526 19980 -80957 3.4609e+05
11000 0.57724 2.6278e+05 35055 3.4492e+05 0 8.1732e+05 -80239 37302 0 0 0 0 -10.056 1.4099e+06 84031 28.04 1.0785e+05 9.9482e+05 -1.4804 2.3742 -16.381 0 0 0 1.109e+05 1.1482e+05 1.1921e+05 -843.99 -1715.8 -1152.4 0 0 0 0 0 0 2.7107e+05 2.7342e+05 2.7282e+05 -666.26 275.13 36.771 1.42e+05 -38205 -3.9128e+06 2.6365 0 -19.236 527 39626 -81088 3.4651e+05
12000 0.57715 2.6188e+05 35395 3.4297e+05 0 8.1732e+05 -79212 15914 0 0 0 0 -10.071 1.406e+06 84088 31.308 1.073e+05 9.9201e+05 -1.0572 2.6103 -8.3764 0 0 0 1.1057e+05 1.1443e+05 1.1797e+05 -744.98 -1704.9 -1132.7 0 0 0 0 0 0 2.7107e+05 2.7342e+05 2.7282e+05 -666.26 275.13 36.771 1.4327e+05 -38674 -4.2252e+05 -1.7214 0 3.8317 512 18316 -80064 3.4456e+05
13000 0.57753 2.6198e+05 35544 3.4251e+05 0 8.1732e+05 -78855 16912 0 0 0 0 -11.91 1.3999e+06 84121 16.472 1.0664e+05 9.867e+05 -0.67564 5.804 -6.6101 0 0 0 1.1007e+05 1.1402e+05 1.1842e+05 -759.58 -1669.6 -1141.5 0 0 0 0 0 0 2.7107e+05 2.7342e+05 2.7282e+05 -666.26 275.13 36.771 1.4455e+05 -38411 -6.7916e+05 9.442 0 -0.92634 517 19348 -79711 3.441e+05
14000 0.578 2.6236e+05 35998 3.4053e+05 0 8.1732e+05 -78237 15359 0 0 0 0 -7.4828 1.395e+06 84032 18.615 1.0576e+05 9.8175e+05 -1.0157 9.1129 -3.4361 0 0 0 1.0956e+05 1.1343e+05 1.1754e+05 -923.36 -1630 -1118 0 0 0 0 0 0 2.7107e+05 2.7342e+05 2.7282e+05 -666.26 275.13 36.771 1.449e+05 -38582 -4.6417e+05 9.0983 0 -8.0298 560 27337 -79116 3.4212e+05
15000 0.57849 2.6276e+05 36764 3.3798e+05 0 8.1732e+05 -77276 14842 0 0 0 0 -13.784 1.3926e+06 83426 12.072 1.0485e+05 9.7869e+05 -0.26905 3.0802 -2.9309 0 0 0 1.0891e+05 1.1255e+05 1.1653e+05 -996.41 -1478.8 -1161.4 0 0 0 0 0 0 2.7107e+05 2.7342e+05 2.7282e+05 -666.26 275.13 36.771 1.447e+05 -38431 -4.1357e+07 -4.7322 0 5.8505 552.5 12531 -78133 3.3957e+05
16000 0.57888 2.6348e+05 36992 3.3653e+05 0 8.1732e+05 -85237 3.0696e+07 0 0 0 0 -13.383 1.3889e+06 83331 2.6193 1.042e+05 9.7471e+05 -0.61322 4.7274 -8.5825 0 0 0 1.0821e+05 1.1225e+05 1.1606e+05 -1055.8 -1332.9 -1231.2 0 0 0 0 0 0 2.7107e+05 2.7342e+05 2.7282e+05 -666.26 275.13 36.771 1.4478e+05 -38264 -4.9971e+06 4.2339 0 -104.69 575.5 3.0661e+07 -86119 3.3812e+05
17000 0.57948 2.6474e+05 37449 3.3555e+05 0 8.1732e+05 -76890 20944 0 0 0 0 -14.782 1.3849e+06 83087 -8.7624 1.0334e+05 9.7027e+05 -0.33648 4.8663 -4.796 0 0 0 1.0754e+05 1.1196e+05 1.1605e+05 -997.5 -1163 -1372.5 0 0 0 0 0 0 2.7107e+05 2.7342e+05 2.7282e+05 -666.26 275.13 36.771 1.4461e+05 -38356 -1.1671e+06 -4.6561 0 9.6291 559.5 22695 -77737 3.3714e+05
18000 0.57992 2.6552e+05 37894 3.3358e+05 0 8.1732e+05 -75917 14046 0 0 0 0 -12.666 1.3823e+06 82510 -11.036 1.0259e+05 9.6663e+05 0.043079 3.3057 -1.1958 0 0 0 1.0675e+05 1.1162e+05 1.1521e+05 -1139.4 -1076.7 -1462.4 0 0 0 0 0 0 2.7107e+05 2.7342e+05 2.7282e+05 -666.26 275.13 36.771 1.4407e+05 -38297 -7.4419e+05 -6.3137 0 11.462 595.5 21780 -76765 3.3516e+05
19000 0.58021 2.6666e+05 38313 3.3251e+05 0 8.1732e+05 -75573 13920 0 0 0 0 -9.3157 1.3791e+06 82056 -16.152 1.0204e+05 9.6322e+05 -0.036447 6.3403 -4.6676 0 0 0 1.0616e+05 1.1129e+05 1.1506e+05 -1251.6 -1082.5 -1567.2 0 0 0 0 0 0 2.7107e+05 2.7342e+05 2.7282e+05 -666.26 275.13 36.771 1.4376e+05 -38041 -19161 1.3789 0 10.44 598 9081.8 -76422 3.3409e+05
20000 0.58059 2.6766e+05 38581 3.3099e+05 0 8.1732e+05 -75008 13399 0 0 0 0 -12.099 1.3761e+06 81782 -13.834 1.0138e+05 9.5943e+05 -0.57267 4.247 -3.2332 0 0 0 1.056e+05 1.11e+05 1.1439e+05 -1285.9 -981.98 -1561.5 0 0 0 0 0 0 2.7107e+05 2.7342e+05 2.7282e+05 -666.26 275.13 36.771 1.4358e+05 -38008 9.3729e+05 9.192 0 -6.6294 594.5 9.3703e+05 -75857 3.3258e+05
