time sw pw pn awn ans aws Jwn Kwn lwns cwns KNwns KGwns vawx vawy vawz vanx vany vanz vawnx vawny vawnz vawnsx vawnsy vawnsz Gwnxx Gwnyy Gwnzz Gwnxy Gwnxz Gwnyz Gwsxx Gwsyy Gwszz Gwsxy Gwsxz Gwsyz Gnsxx Gnsyy Gnszz Gnsxy Gnsxz Gnsyz trawn trJwn trRwn wwndnw wwnsdnwn Jwnwwndnw Euler Kn Jn An
1000 0.58624 2.9882e+05 33741 3.8628e+05 0 8.0556e+05 -1.0032e+05 3.1088e+06 0 0 0 0 -28.261 1.6269e+06 68857 42.077 95428 1.08e+06 -0.069325 -3.5695 -25.723 0 0 0 1.2807e+05 1.2611e+05 1.321e+05 2029.5 1633.3 -2290.9 0 0 0 0 0 0 2.7187e+05 2.6701e+05 2.6668e+05 536.39 -585.2 -200.14 1.2194e+05 -33019 9.7523e+05 -1.2939 0 43.193 288 3.6752e+06 -1.0163e+05 3.8816e+05
2000 0.58593 2.9679e+05 34089 3.6422e+05 0 8.0556e+05 -77842 42436 0 0 0 0 -37.515 1.6083e+06 72711 35.21 1.0404e+05 1.0648e+06 0.66497 6.4885 -15.981 0 0 0 1.1981e+05 1.1794e+05 1.2647e+05 657.97 1948.2 -2164.7 0 0 0 0 0 0 2.7187e+05 2.6701e+05 2.6668e+05 536.39 -585.2 -200.14 1.2575e+05 -33595 -1.4679e+06 -5.3682 0 18.129 505 44693 -78426 3.6599e+05
3000 0.58708 2.9568e+05 35592 3.516e+05 0 8.0556e+05 -77511 28495 0 0 0 0 -31.155 1.5986e+06 75707 19.945 1.0726e+05 1.0539e+06 1.5274 5.5858 -13.165 0 0 0 1.153e+05 1.1358e+05 1.2272e+05 156.4 2413.8 -2621.3 0 0 0 0 0 0 2.7187e+05 2.6701e+05 2.6668e+05 536.39 -585.2 -200.14 1.2898e+05 -34543 -3.5235e+05 5.3781 0 2.7103 585 30765 -78139 3.5337e+05
4000 0.58887 2.9541e+05 37284 3.4299e+05 0 8.0556e+05 -76813 22757 0 0 0 0 -42.195 1.5915e+06 77909 14.22 1.0785e+05 1.0443e+06 0.98811 3.6086 -15.728 0 0 0 1.124e+05 1.106e+05 1.1999e+05 -63.636 2632.9 -3011.2 0 0 0 0 0 0 2.7187e+05 2.6701e+05 2.6668e+05 536.39 -585.2 -200.14 1.3217e+05 -35195 -9.4312e+05 -7.4665 0 12.808 581 25029 -77458 3.4475e+05
5000 0.59097 2.9533e+05 38819 3.3637e+05 0 8.0556e+05 -75723 19066 0 0 0 0 -48.93 1.5866e+06 79716 2.2827 1.0753e+05 1.0351e+06 1.6104 1.0594 -7.4643 0 0 0 1.1083e+05 1.0827e+05 1.1727e+05 -169.4 2584.9 -3491 0 0 0 0 0 0 2.7187e+05 2.6701e+05 2.6668e+05 536.39 -585.2 -200.14 1.3464e+05 -35577 -2.9709e+06 -1.5979 0 7.4694 555 21247 -76345 3.3813e+05
6000 0.59277 2.9518e+05 40200 3.315e+05 0 8.0556e+05 -75065 16608 0 0 0 0 -45.437 1.5837e+06 81204 -4.6112 1.0684e+05 1.0281e+06 1.5632 3.8227 -4.7941 0 0 0 1.0973e+05 1.0656e+05 1.152e+05 -373.9 2373.5 -3769.6 0 0 0 0 0 0 2.7187e+05 2.6701e+05 2.6668e+05 536.39 -585.2 -200.14 1.3698e+05 -36349 -1.679e+06 2.2882 0 1.3624 575 16502 -75720 3.3327e+05
7000 0.59403 2.9467e+05 41312 3.2802e+05 0 8.0556e+05 -73906 14801 0 0 0 0 -40.437 1.5796e+06 82560 -2.3781 1.059e+05 1.0222e+06 0.84258 0.044862 -8.3517 0 0 0 1.0869e+05 1.0561e+05 1.1373e+05 -469.88 2223.4 -3813.5 0 0 0 0 0 0 2.7187e+05 2.6701e+05 2.6668e+05 536.39 -585.2 -200.14 1.395e+05 -36564 4.9834e+06 -2.6298 0 6.3365 565 17057 -74563 3.298e+05
8000 0.5954 2.9296e+05 42166 3.2489e+05 0 8.0556e+05 -73287 13679 0 0 0 0 -32.525 1.5772e+06 83562 -7.5447 1.0487e+05 1.0168e+06 0.79897 3.8086 -2.1413 0 0 0 1.0764e+05 1.05e+05 1.1225e+05 -600.25 2086.4 -3780.3 0 0 0 0 0 0 2.7187e+05 2.6701e+05 2.6668e+05 536.39 -585.2 -200.14 1.4118e+05 -37036 -9.8901e+05 6.486 0 1.1782 593.5 -1.7324e+05 -73933 3.2666e+05
9000 0.5964 2.9255e+05 43010 3.2225e+05 0 8.0556e+05 -72522 12789 0 0 0 0 -32.564 1.5726e+06 84360 -18.855 1.0383e+05 1.0119e+06 1.2547 3.1478 -7.6746 0 0 0 1.0686e+05 1.0416e+05 1.1123e+05 -828.97 1984.7 -3683.2 0 0 0 0 0 0 2.7187e+05 2.6701e+05 2.6668e+05 536.39 -585.2 -200.14 1.4249e+05 -37239 -5.816e+05 2.7539 0 0.018769 613 -5.9019e+05 -73175 3.2402e+05
10000 0.59727 2.9273e+05 43842 3.196e+05 0 8.0556e+05 -71769 12150 0 0 0 0 -28.674 1.5693e+06 84623 -28.723 1.0298e+05 1.0077e+06 0.66907 5.0293 0.43538 0 0 0 1.0614e+05 1.0348e+05 1.0999e+05 -951.67 1842 -3565.8 0 0 0 0 0 0 2.7187e+05 2.6701e+05 2.6668e+05 536.39 -585.2 -200.14 1.4325e+05 -37512 -1.5469e+06 17.703 0 -12.376 639.5 12262 -72422 3.2137e+05
11000 0.59789 2.9309e+05 44447 3.1712e+05 0 8.0556e+05 -70915 11678 0 0 0 0 -24.479 1.5659e+06 84366 -33.801 1.0206e+05 1.0041e+06 0.58667 3.23 -0.088973 0 0 0 1.0538e+05 1.0273e+05 1.09e+05 -876.45 1597.7 -3584.7 0 0 0 0 0 0 2.7187e+05 2.6701e+05 2.6668e+05 536.39 -585.2 -200.14 1.4356e+05 -37444 -8.3639e+05 8.8702 0 -2.8791 642.5 -1251.4 -71576 3.1889e+05
12000 0.59863 2.9312e+05 45195 3.1559e+05 0 8.0556e+05 -70493 11211 0 0 0 0 -21.697 1.563e+06 84572 -37.658 1.0128e+05 1e+06 1.1054 6.9497 -5.5644 0 0 0 1.046e+05 1.0229e+05 1.0871e+05 -817.72 1567.3 -3438.1 0 0 0 0 0 0 2.7187e+05 2.6701e+05 2.6668e+05 536.39 -585.2 -200.14 1.4456e+05 -37667 -1.1497e+06 13.796 0 -9.644 641.5 60121 -71147 3.1736e+05
13000 0.5988 2.9395e+05 45369 3.1456e+05 0 8.0556e+05 -70095 11000 0 0 0 0 -20.52 1.5553e+06 84207 -37.453 1.0047e+05 9.9529e+05 0.71773 1.2926 -4.104 0 0 0 1.0365e+05 1.0209e+05 1.0883e+05 -702.05 1726.3 -3355.9 0 0 0 0 0 0 2.7187e+05 2.6701e+05 2.6668e+05 536.39 -585.2 -200.14 1.4522e+05 -37457 1.7188e+07 -1.0489 0 4.0919 612 80601 -70747 3.1633e+05
14000 0.59951 2.9445e+05 45881 3.1261e+05 0 8.0556e+05 -69378 10649 0 0 0 0 -15.25 1.5507e+06 84091 -34.979 99393 9.9044e+05 0.8398 4.4826 -4.4526 0 0 0 1.0275e+05 1.0158e+05 1.0828e+05 -676.76 1928.1 -3432.2 0 0 0 0 0 0 2.7187e+05 2.6701e+05 2.6668e+05 536.39 -585.2 -200.14 1.4534e+05 -37294 -6.437e+05 7.6862 0 -4.0911 620.5 1.3552e+05 -70031 3.1438e+05
15000 0.60025 2.9489e+05 46535 3.0998e+05 0 8.0556e+05 -68223 10224 0 0 0 0 -8.3049 1.5486e+06 83644 -35.637 98551 9.8688e+05 0.27048 2.2106 -1.0725 0 0 0 1.02e+05 1.0099e+05 1.0698e+05 -605.74 2155.8 -3301.6 0 0 0 0 0 0 2.7187e+05 2.6701e+05 2.6668e+05 536.39 -585.2 -200.14 1.4507e+05 -37199 -1.0496e+06 6.3846 0 -0.9649 649.5 1.6193e+05 -68872 3.1174e+05
16000 0.60057 2.9539e+05 47106 3.0832e+05 0 8.0556e+05 -67613 9918.3 0 0 0 0 -6.2533 1.5456e+06 83414 -40.755 97856 9.8398e+05 -0.58005 4.8202 1.337 0 0 0 1.0156e+05 1.0078e+05 1.0598e+05 -571.76 2338.8 -3059.1 0 0 0 0 0 0 2.7187e+05 2.6701e+05 2.6668e+05 536.39 -585.2 -200.14 1.452e+05 -37150 -5.5812e+05 19.102 0 -11.973 662.5 5.2995e+05 -68273 3.1009e+05
17000 0.60082 2.955e+05 47213 3.0662e+05 0 8.0556e+05 -67117 9763.6 0 0 0 0 -11.079 1.5418e+06 83242 -42.396 97249 9.8088e+05 -0.5463 0.65222 1.4288 0 0 0 1.0096e+05 1.0044e+05 1.0522e+05 -452.48 2467.9 -2981.2 0 0 0 0 0 0 2.7187e+05 2.6701e+05 2.6668e+05 536.39 -585.2 -200.14 1.4499e+05 -37030 -3.5358e+05 16.356 0 -16.378 690 1592.8 -67764 3.0839e+05
18000 0.60131 2.9639e+05 47911 3.0538e+05 0 8.0556e+05 -66636 8327.4 0 0 0 0 -4.0577 1.539e+06 82736 -43.308 96396 9.7728e+05 -0.34971 3.2891 -1.7313 0 0 0 1.004e+05 1.0012e+05 1.0486e+05 -457.06 2641.7 -3022.3 0 0 0 0 0 0 2.7187e+05 2.6701e+05 2.6668e+05 536.39 -585.2 -200.14 1.4501e+05 -36939 -9.0927e+05 2.9062 0 2.7 679 -6.2627e+08 -67283 3.0715e+05
19000 0.60193 2.9717e+05 48279 3.0338e+05 0 8.0556e+05 -66171 9093.2 0 0 0 0 -5.7585 1.5373e+06 82086 -46.109 95838 9.7406e+05 -0.56996 4.8794 2.4791 0 0 0 99747 99690 1.0395e+05 -269.28 2741.7 -2936.3 0 0 0 0 0 0 2.7187e+05 2.6701e+05 2.6668e+05 536.39 -585.2 -200.14 1.4428e+05 -36873 -9.5354e+05 22.589 0 -15.258 717 3.9673e+10 -66819 3.0515e+05
20000 0.60181 2.9862e+05 48598 3.0344e+05 0 8.0556e+05 -65972 9556.5 0 0 0 0 -8.1392 1.5286e+06 81567 -41.736 95040 9.692e+05 -0.49694 3.4973 -4.7425 0 0 0 99307 99569 1.0456e+05 -300.45 2847.9 -2847.2 0 0 0 0 0 0 2.7187e+05 2.6701e+05 2.6668e+05 536.39 -585.2 -200.14 1.4452e+05 -36308 -1.1892e+06 -1.0849 0 4.5325 684 2.5392e+12 -66625 3.0521e+05
