time sw pw pn awn ans aws Jwn Kwn lwns cwns KNwns KGwns vawx vawy vawz vanx vany vanz vawnx vawny vawnz vawnsx vawnsy vawnsz Gwnxx Gwnyy Gwnzz Gwnxy Gwnxz Gwnyz Gwsxx Gwsyy Gwszz Gwsxy Gwsxz Gwsyz Gnsxx Gnsyy Gnszz Gnsxy Gnsxz Gnsyz trawn trJwn trRwn wwndnw wwnsdnwn Jwnwwndnw Euler Kn Jn An
1000 0.60778 3.3066e+05 36010 3.5107e+05 0 7.7362e+05 -81740 1.3575e+06 0 0 0 0 95.289 1.6809e+06 64313 61.724 87874 1.0224e+06 -0.54458 7.82 -20.186 0 0 0 1.1611e+05 1.1619e+05 1.1876e+05 2982.4 -1174.6 -2111.7 0 0 0 0 0 0 2.5662e+05 2.5772e+05 2.5928e+05 -405.95 306.77 41.428 1.1157e+05 -31261 8.3395e+05 8.1368 0 23.272 239.25 1.3609e+06 -82546 3.5257e+05
2000 0.6071 3.2798e+05 35678 3.321e+05 0 7.7362e+05 -72797 37981 0 0 0 0 88.509 1.6616e+06 68460 77.577 95935 1.0089e+06 -1.7298 9.1764 -16.132 0 0 0 1.0862e+05 1.108e+05 1.1268e+05 3382.3 -419.94 -2058 0 0 0 0 0 0 2.5662e+05 2.5772e+05 2.5928e+05 -405.95 306.77 41.428 1.1625e+05 -32624 -7.4032e+05 10.338 0 3.4274 510.75 40429 -73530 3.3353e+05
3000 0.60785 3.2657e+05 37116 3.2108e+05 0 7.7362e+05 -73054 39332 0 0 0 0 84.841 1.6513e+06 70957 77.547 98627 1.0008e+06 -1.6393 2.5522 -11.431 0 0 0 1.0424e+05 1.0775e+05 1.0909e+05 2949.9 149.13 -2018.8 0 0 0 0 0 0 2.5662e+05 2.5772e+05 2.5928e+05 -405.95 306.77 41.428 1.1945e+05 -33405 -1.1652e+06 5.7173 0 5.9129 510.75 41617 -73777 3.225e+05
4000 0.60835 3.2465e+05 38713 3.1452e+05 0 7.7362e+05 -72845 26338 0 0 0 0 87.663 1.6407e+06 73349 76.6 99853 9.9391e+05 -0.16583 3.8134 -5.9158 0 0 0 1.0162e+05 1.0536e+05 1.0753e+05 2756.8 303.58 -2014.2 0 0 0 0 0 0 2.5662e+05 2.5772e+05 2.5928e+05 -405.95 306.77 41.428 1.2266e+05 -34077 -9.5045e+05 2.1897 0 10.767 516.75 28623 -73578 3.1594e+05
5000 0.60925 3.2295e+05 39900 3.0931e+05 0 7.7362e+05 -71765 20014 0 0 0 0 80.84 1.6317e+06 75095 86.946 99696 9.8829e+05 -0.90224 6.1019 -13.832 0 0 0 99510 1.0385e+05 1.0596e+05 2588.6 406.57 -1934.4 0 0 0 0 0 0 2.5662e+05 2.5772e+05 2.5928e+05 -405.95 306.77 41.428 1.248e+05 -34183 -7.0691e+05 -0.52718 0 3.6833 493.75 22334 -72503 3.1073e+05
6000 0.61034 3.2188e+05 40961 3.0491e+05 0 7.7362e+05 -70775 16847 0 0 0 0 69.31 1.6264e+06 76338 75.547 99187 9.8428e+05 -0.6526 5.799 -10.899 0 0 0 98057 1.0232e+05 1.0454e+05 2578.1 642.03 -1775.7 0 0 0 0 0 0 2.5662e+05 2.5772e+05 2.5928e+05 -405.95 306.77 41.428 1.2639e+05 -34446 -6.3968e+05 9.6028 0 -7.5972 525.25 19426 -71516 3.0633e+05
7000 0.61089 3.1962e+05 41748 3.0295e+05 0 7.7362e+05 -70188 15150 0 0 0 0 59.83 1.6196e+06 78266 65.092 98805 9.798e+05 -0.24679 7.6885 -12.173 0 0 0 97178 1.0151e+05 1.0426e+05 2634.1 739.07 -1690.1 0 0 0 0 0 0 2.5662e+05 2.5772e+05 2.5928e+05 -405.95 306.77 41.428 1.2897e+05 -34946 -7.0041e+05 7.227 0 -9.2631 563.25 17448 -70930 3.0437e+05
8000 0.61151 3.1835e+05 42514 3.0104e+05 0 7.7362e+05 -69891 19048 0 0 0 0 52.454 1.6148e+06 79415 59.135 98137 9.7697e+05 -1.1478 5.8479 -8.0446 0 0 0 96596 1.01e+05 1.0345e+05 2569.9 748.55 -1558.2 0 0 0 0 0 0 2.5662e+05 2.5772e+05 2.5928e+05 -405.95 306.77 41.428 1.3081e+05 -35508 -1.7943e+06 17.123 0 -12.026 548.25 21332 -70632 3.0246e+05
9000 0.61164 3.1722e+05 43184 2.9932e+05 0 7.7362e+05 -68854 16546 0 0 0 0 43.049 1.6082e+06 79830 46.952 97609 9.7432e+05 -1.1319 0.9601 -6.9889 0 0 0 95951 1.0046e+05 1.0291e+05 2318.7 734.63 -1496 0 0 0 0 0 0 2.5662e+05 2.5772e+05 2.5928e+05 -405.95 306.77 41.428 1.3231e+05 -35438 -1.2591e+06 5.2769 0 0.24747 560.75 20011 -69595 3.0074e+05
10000 0.61155 3.1596e+05 43960 2.9782e+05 0 7.7362e+05 -67990 11980 0 0 0 0 53.252 1.6026e+06 80377 48.565 96940 9.7225e+05 -0.71279 1.2494 -10.435 0 0 0 95437 1.0025e+05 1.0213e+05 2110 833.96 -1450.7 0 0 0 0 0 0 2.5662e+05 2.5772e+05 2.5928e+05 -405.95 306.77 41.428 1.3355e+05 -35587 -3.2096e+05 15.732 0 -10.632 567.75 14260 -68730 2.9924e+05
11000 0.61138 3.1471e+05 44700 2.9676e+05 0 7.7362e+05 -67211 11186 0 0 0 0 58.15 1.5967e+06 80653 44.889 96412 9.7068e+05 -0.71052 3.3546 -6.6672 0 0 0 94991 99804 1.0196e+05 2011.6 785.31 -1463.4 0 0 0 0 0 0 2.5662e+05 2.5772e+05 2.5928e+05 -405.95 306.77 41.428 1.35e+05 -35624 -9.7644e+05 19.532 0 -10.219 540.25 13479 -67941 2.9817e+05
12000 0.61085 3.1238e+05 45154 2.9662e+05 0 7.7362e+05 -67237 10894 0 0 0 0 61.11 1.5909e+06 81569 39.975 96031 9.6912e+05 -1.1425 2.8411 0.24094 0 0 0 95054 99851 1.0172e+05 2001.7 784.93 -1257.1 0 0 0 0 0 0 2.5662e+05 2.5772e+05 2.5928e+05 -405.95 306.77 41.428 1.3668e+05 -36261 -4.5096e+05 20.793 0 -8.3634 585.75 13144 -67966 2.9804e+05
13000 0.6104 3.1243e+05 45155 2.9628e+05 0 7.7362e+05 -66299 10482 0 0 0 0 50.358 1.581e+06 81274 32.54 95650 9.6626e+05 0.87062 6.7569 -0.16516 0 0 0 94467 99325 1.0248e+05 1947.9 1020.8 -1201.6 0 0 0 0 0 0 2.5662e+05 2.5772e+05 2.5928e+05 -405.95 306.77 41.428 1.377e+05 -35621 -1.4527e+06 9.0975 0 -7.0743 560.75 15220 -67046 2.9769e+05
14000 0.61022 3.1196e+05 45765 2.9502e+05 0 7.7362e+05 -65733 10315 0 0 0 0 33.487 1.5747e+06 80786 31.885 94908 9.6361e+05 0.16851 -1.6308 -2.7308 0 0 0 93940 98779 1.0231e+05 1971.2 1248.3 -1053.2 0 0 0 0 0 0 2.5662e+05 2.5772e+05 2.5928e+05 -405.95 306.77 41.428 1.3793e+05 -35557 -3.8547e+05 8.8097 0 -2.8478 566.75 13079 -66458 2.9644e+05
15000 0.60995 3.113e+05 46589 2.9242e+05 0 7.7362e+05 -64645 9919.6 0 0 0 0 25.234 1.5705e+06 79995 30.654 94105 9.6314e+05 -0.54689 0.55493 -9.9039 0 0 0 93348 98099 1.0097e+05 1876.6 1191.6 -1182.8 0 0 0 0 0 0 2.5662e+05 2.5772e+05 2.5928e+05 -405.95 306.77 41.428 1.3685e+05 -35209 -1.8108e+05 0.50583 0 -0.54384 609.75 25495 -65371 2.9384e+05
16000 0.60946 3.1111e+05 47224 2.9168e+05 0 7.7362e+05 -64018 9637.2 0 0 0 0 17.382 1.5654e+06 79883 23.928 93660 9.631e+05 -0.2935 -0.15746 -6.1204 0 0 0 93211 97742 1.0072e+05 1737.1 1235.2 -1316.1 0 0 0 0 0 0 2.5662e+05 2.5772e+05 2.5928e+05 -405.95 306.77 41.428 1.3681e+05 -34850 -1.1816e+06 12.415 0 -6.5451 578.25 38362 -64755 2.931e+05
17000 0.60861 3.0895e+05 47516 2.9176e+05 0 7.7362e+05 -64111 9590.9 0 0 0 0 18.397 1.5593e+06 80125 14.976 93429 9.6279e+05 -0.24876 1.0753 -5.4479 0 0 0 93264 97487 1.0101e+05 1660.5 1204.2 -1333.3 0 0 0 0 0 0 2.5662e+05 2.5772e+05 2.5928e+05 -405.95 306.77 41.428 1.3764e+05 -35278 -8.3632e+05 13.978 0 -4.7242 616.75 -2242.9 -64837 2.9318e+05
18000 0.60791 3.0801e+05 47818 2.9166e+05 0 7.7362e+05 -63900 9403.9 0 0 0 0 21.743 1.5536e+06 80265 6.4025 93040 9.618e+05 -0.97554 1.2786 -5.49 0 0 0 93347 97455 1.0086e+05 1525.5 1085.2 -1310.5 0 0 0 0 0 0 2.5662e+05 2.5772e+05 2.5928e+05 -405.95 306.77 41.428 1.3809e+05 -35351 -1.0422e+06 4.1906 0 3.6144 620.25 31834 -64627 2.9308e+05
19000 0.60736 3.0799e+05 48140 2.9025e+05 0 7.7362e+05 -63442 9423.3 0 0 0 0 13.711 1.5495e+06 79824 -5.6913 92650 9.6184e+05 1.1467 1.2342 -4.6272 0 0 0 92939 96968 1.0034e+05 1412.3 882.05 -1212.5 0 0 0 0 0 0 2.5662e+05 2.5772e+05 2.5928e+05 -405.95 306.77 41.428 1.3696e+05 -35112 -1.1135e+06 28.524 0 -22.8 625.25 -5.0783e+05 -64170 2.9166e+05
20000 0.60662 3.0933e+05 48279 2.9186e+05 0 7.7362e+05 -63266 9476.6 0 0 0 0 -0.1977 1.5391e+06 79354 -16.551 92384 9.5792e+05 0.77515 4.283 -5.9342 0 0 0 92874 96550 1.0243e+05 1375.8 1071.6 -1232.8 0 0 0 0 0 0 2.5662e+05 2.5772e+05 2.5928e+05 -405.95 306.77 41.428 1.3821e+05 -34603 -1.6792e+06 6.4597 0 -0.361 561.25 -1.182e+09 -64023 2.9328e+05
